Results														
Crossover	Mutation	Dataset category	Data file	Number of nodes	Number of edges	Optimal cut fitness	Genetic Algorithm Average best	Genetic Algorithm Average Runtime	Wisdom of Crowds Average	Wisdom of crowds Average Runtime	Average Runtime GA + WOC	Gentic Algorithm % of Optimal	WOC % of optimal	Difference between WOC % and Genetic %
1	1	ising	t3g5_5555	125	375	10933215	9107567.667	6.479314963	9627276.333	0.06521034241	6.544525305	83.30182537	88.05530974	4.753484375
1	1	ising	t3g5_6666	125	375	11582216	9473523.333	6.55350558	10149175	0.0681596597	6.621665239	81.79370281	87.62722954	5.833526733
1	1	ising	t3g5_7777	125	375	11552046	9627877	6.35789307	9961558.333	0.06700491905	6.424897989	83.34347872	86.23198292	2.888504195
1	1	ising	t3g6_5555	216	648	17434469	13009829.33	17.19392832	14961494.33	0.1891663074	17.38309463	74.621311	85.81560088	11.19428989
1	1	ising	t3g6_6666	216	648	20217380	15387178.67	14.37010606	17966725.67	0.1902062893	14.56031235	76.10866822	88.86772503	12.75905681
1	1	ising	t3g6_7777	216	648	19475011	15309131.67	16.14515368	16663760.67	0.1920049191	16.3371586	78.60910408	85.56483314	6.955729062
1	1	ising	t3g7_5555	343	1029	28302918	19691312	51.68646828	23627032.67	0.5170107683	52.20347905	69.57343409	83.47914044	13.90570635
1	1	ising	t3g7_6666	343	1029	33611981	22524857.33	32.45069305	27548971.33	0.5008108616	32.95150391	67.01437006	81.9617604	14.94739034
1	1	ising	t3g7_7777	343	1029	29118445	18880729.33	32.78814562	23468651.67	0.6948159536	33.48296158	64.84113191	80.59720108	15.75606916
1	1	ising	t2g10_5555	100	200	6049461	4879310.667	2.824893395	5223477.333	0.03701535861	2.861908754	80.65694889	86.34616098	5.689212091
1	1	ising	t2g10_6666	100	200	5757868	4749001	3.326309681	4955351	0.03676366806	3.363073349	82.47846251	86.06225429	3.583791778
1	1	ising	t2g10_7777	100	200	6509837	5597857.333	3.871915738	5639880	0.03596925735	3.907884995	85.99074498	86.63627062	0.6455256356
1	1	ising	t2g15_5555	225	450	15051133	10864387.33	15.92021871	12189235.67	0.1850809256	16.10529963	72.18318603	80.98550233	8.8023163
1	1	ising	t2g15_6666	225	450	15763716	12672638.33	20.53141832	13618142	0.1837873459	20.71520567	80.39118653	86.38916103	5.997974505
1	1	ising	t2g15_7777	225	450	15269399	12185602	18.6156853	12900065	0.1558315754	18.77151688	79.80407087	84.48312209	4.679051219
1	1	ising	t2g20_5555	400	800	24838942	17565106.67	63.93748029	20082325.67	0.4866646926	64.42414498	70.71600178	80.8501653	10.13416352
1	1	ising	t2g20_6666	400	800	29290570	20442636.33	38.88473964	24920565.67	0.4999583562	39.38469799	69.79255212	85.08050771	15.28795559
1	1	ising	t2g20_7777	400	800	28349398	19532657.67	39.64664364	23544518	0.5204953353	40.16713897	68.89972643	83.05120976	14.15148333
1	1	ising	ising2.5-100_5555	100	4950	2460049	2348079.667	57.44928439	2364896.333	0.5706133842	58.01989778	95.44849174	96.13208246	0.6835907195
1	1	ising	ising2.5-100_6666	100	4950	2031217	1837694.667	59.02658908	1860131.333	0.5964266459	59.62301572	90.47259188	91.57718419	1.104592304
1	1	ising	ising2.5-100_7777	100	4950	3363230	3177714.333	53.6279184	3158083	0.62900726	54.25692566	94.48400298	93.90029823	-0.583704752
1	1	ising	ising2.5-150_5555	150	11175	4363532	3944174.333	154.0698517	4045679.333	2.027060588	156.0969123	90.38949029	92.71570217	2.326211885
1	1	ising	ising2.5-150_6666	150	11175	4057153	3698389.333	201.0008116	3835679.667	2.008583705	203.0093953	91.15725567	94.54116388	3.383908207
1	1	ising	ising2.5-150_7777	150	11175	4243269	3766969.333	202.6062376	3917132.333	1.973386049	204.5796236	88.77517153	92.3140233	3.538851767
1	1	ising	ising2.5-200_5555	200	19900	6294701	5324711.667	326.0875114	5393149.333	6.913175424	333.0006868	84.59038272	85.67760936	1.087226648
1	1	ising	ising2.5-200_6666	200	19900	6795365	6009644.667	385.3987536	5845443	4.355323633	389.7540773	88.43740795	86.02103051	-2.416377438
1	1	ising	ising2.5-200_7777	200	19900	5568272	4838596.333	295.9083267	5113013.333	4.610273679	300.5186004	86.89583291	91.8240584	4.928225489
1	1	ising	ising2.5-250_5555	250	31125	7919449	6590587.667	584.9582339	7221420.667	9.016548077	593.974782	83.22028043	91.18589774	7.965617305
1	1	ising	ising2.5-250_6666	250	31125	6925717	5611021	525.9330847	6183361.333	9.247136593	535.1802213	81.01718566	89.28117238	8.263986723
1	1	ising	ising2.5-250_7777	250	31125	6596797	5416808.333	680.8886779	5872095	8.912052075	689.80073	82.11270308	89.01433529	6.901632211
1	1	ising	ising2.5-300_5555	300	44850	8579363	6871297.667	1093.289185	7658017.667	15.98523959	1109.274424	80.09100054	89.26091211	9.169911566
1	1	ising	ising2.5-300_6666	300	44850	9102033	7266232.667	1399.770362	8006699.667	15.33779407	1415.108156	79.83087588	87.96605843	8.135182547
1	1	ising	ising2.5-300_7777	300	44850	8323804	6478228	931.765751	7314762.667	15.6232849	947.3890359	77.82773357	87.87764184	10.04990827
1	1	ising	ising3.0-100_5555	100	4950	2448189	2342054	67.78955229	2345013.667	0.6103449663	68.39989726	95.66475464	95.78564672	0.1208920827
1	1	ising	ising3.0-100_6666	100	4950	1984099	1801516.333	54.92038131	1873890.333	0.5591933727	55.47957468	90.79770381	94.44540486	3.647701047
1	1	ising	ising3.0-100_7777	100	4950	3335814	3185782.667	57.92708031	3192974.333	0.5840570132	58.51113733	95.50240711	95.71799667	0.2155895581
1	1	ising	ising3.0-150_5555	150	11175	4279261	3854783.333	157.143362	3992189.333	1.944429636	159.0877916	90.08058479	93.29155977	3.210974979
1	1	ising	ising3.0-150_6666	150	11175	3949317	3492675	128.1648213	3714283.333	1.959110816	130.1239321	88.43744374	94.04875155	5.611307812
1	1	ising	ising3.0-150_7777	150	11175	4211158	3853093	138.203901	3946301.667	1.960028966	140.1639299	91.49723188	93.71060565	2.213373772
1	1	ising	ising3.0-200_5555	200	19900	6215531	5384496.667	336.1948877	5691536	4.643629313	340.838517	86.629713	91.56958593	4.93987293
1	1	ising	ising3.0-200_6666	200	19900	6756263	5905355.667	427.4505093	6110530.667	4.568422635	432.0189319	87.40565112	90.44246304	3.036811918
1	1	ising	ising3.0-200_7777	200	19900	5560824	5025524.333	428.219153	5184188	4.63287131	432.8520243	90.37373478	93.226975	2.853240215
1	1	ising	ising3.0-250_5555	250	31125	7823791	6454993	530.8807019	7035257.667	8.858537753	539.7392397	82.50467069	89.9213395	7.416668808
1	1	ising	ising3.0-250_6666	250	31125	6903351	5742523.333	592.279312	6243920	8.506534735	600.7858467	83.18457707	90.4476681	7.263091022
1	1	ising	ising3.0-250_7777	250	31125	6418276	5154707.667	687.057968	5658942	8.932331721	695.9902997	80.31296359	88.16919061	7.85622702
1	1	ising	ising3.0-300_5555	300	44850	8493173	6357535.333	846.9692976	7379374.333	15.21519971	862.1844973	74.85465483	86.88595338	12.03129855
1	1	ising	ising3.0-300_6666	300	44850	8915110	7196769.333	1132.664998	8063324.333	15.19250027	1147.857499	80.72552479	90.44559555	9.720070756
1	1	ising	ising3.0-300_7777	300	44850	8242904	6701208.667	1310.837602	7521290	15.35872269	1326.196325	81.29669673	91.24563382	9.94893709
1	1	rudy	g05_60.0	60	885	536	525.6666667	8.406574726	526.6666667	0.06645830472	8.473033031	98.0721393	98.25870647	0.1865671642
1	1	rudy	g05_60.1	60	885	532	520.6666667	7.455401023	522.6666667	0.06511267026	7.520513693	97.86967419	98.24561404	0.3759398496
1	1	rudy	g05_60.2	60	885	529	515.6666667	7.35653162	517.3333333	0.07305264473	7.429584265	97.47952111	97.79458097	0.3150598612
1	1	rudy	g05_60.3	60	885	538	531.6666667	11.59763837	531.6666667	0.07112765312	11.66876602	98.8228005	98.8228005	0
1	1	rudy	g05_60.4	60	885	527	517	9.875539303	516.3333333	0.09178344409	9.967322747	98.10246679	97.97596458	-0.1265022139
1	1	rudy	g05_60.5	60	885	533	520	7.206372976	506.6666667	0.06963698069	7.276009957	97.56097561	95.05941213	-2.501563477
1	1	rudy	g05_60.6	60	885	531	520.6666667	11.19413622	521.6666667	0.06635904312	11.26049527	98.05398619	98.24231011	0.1883239171
1	1	rudy	g05_60.7	60	885	535	526.3333333	11.54030101	529	0.0650490125	11.60535002	98.38006231	98.87850467	0.4984423677
1	1	rudy	g05_60.8	60	885	530	519	8.512770096	521.6666667	0.06577324867	8.578543345	97.9245283	98.42767296	0.5031446542
1	1	rudy	g05_60.9	60	885	533	523.6666667	10.85405366	526	0.06884034475	10.922894	98.24890557	98.68667917	0.4377736084
1	1	rudy	g05_80.0	80	1580	929	907.3333333	20.63093034	913	0.1474493345	20.77837968	97.66774309	98.27771798	0.6099748834
1	1	rudy	g05_80.1	80	1580	941	912.3333333	22.55026865	916	0.1990509828	22.74931963	96.95359547	97.34325186	0.3896563939
1	1	rudy	g05_80.2	80	1580	934	910.6666667	17.44430931	915.3333333	0.1736504237	17.61795974	97.50178444	98.00142755	0.499643112
1	1	rudy	g05_80.3	80	1580	923	907.3333333	19.22949894	911.3333333	0.1499696573	19.3794686	98.30263633	98.73600578	0.4333694475
1	1	rudy	g05_80.4	80	1580	932	909.3333333	18.49759301	917.6666667	0.1440273126	18.64162032	97.56795422	98.4620887	0.8941344779
1	1	rudy	g05_80.5	80	1580	926	896.3333333	16.09002813	902.3333333	0.1453602314	16.23538836	96.7962563	97.44420446	0.6479481641
1	1	rudy	g05_80.6	80	1580	929	905.3333333	21.89096665	910.6666667	0.1858860652	22.07685272	97.45245784	98.02655185	0.574094008
1	1	rudy	g05_80.7	80	1580	929	904.6666667	20.98018392	909.3333333	0.1520210107	21.13220493	97.38069609	97.88302835	0.5023322568
1	1	rudy	g05_80.8	80	1580	925	900.3333333	18.37858438	902	0.1438376109	18.522422	97.33333333	97.51351351	0.1801801802
1	1	rudy	g05_80.9	80	1580	923	895.3333333	19.54285741	899	0.147210598	19.69006801	97.00252799	97.39978332	0.3972553269
1	1	rudy	g05_100.0	100	2475	1430	1398.666667	41.40282838	1403.666667	0.3686645826	41.77149296	97.80885781	98.15850816	0.3496503497
1	1	rudy	g05_100.1	100	2475	1425	1391.333333	43.18505073	1401.666667	0.2614005407	43.44645127	97.6374269	98.3625731	0.7251461993
1	1	rudy	g05_100.2	100	2475	1432	1407	45.39462097	1393.666667	0.3716290792	45.76625005	98.25418994	97.32309125	-0.9310986962
1	1	rudy	g05_100.3	100	2475	1424	1392.333333	39.6089743	1397	0.3072168032	39.9161911	97.77621723	98.10393258	0.327715356
1	1	rudy	g05_100.4	100	2475	1440	1394.666667	36.58010014	1401.333333	0.3900269667	36.97012711	96.85185185	97.31481481	0.4629629625
1	1	rudy	g05_100.5	100	2475	1436	1387	40.03969026	1396.666667	0.2989140352	40.33860429	96.58774373	97.26090994	0.6731662026
1	1	rudy	g05_100.6	100	2475	1434	1382.333333	31.578221	1396	0.2692996661	31.84752067	96.39702464	97.35006974	0.9530450955
1	1	rudy	g05_100.7	100	2475	1431	1388.666667	42.69666266	1395.666667	0.2689522902	42.96561495	97.04169578	97.5308642	0.4891684137
1	1	rudy	g05_100.8	100	2475	1432	1383.333333	36.62687763	1402	0.3338350455	36.96071267	96.60148976	97.90502793	1.303538175
1	1	rudy	g05_100.9	100	2475	1430	1384.333333	42.16226474	1395.666667	0.2584288915	42.42069364	96.80652681	97.5990676	0.792540793
1	1	rudy	pm1d_80.0	80	3128	227	181.3333333	46.72049832	195	0.2826799552	47.00317828	79.8825257	85.9030837	6.020558003
1	1	rudy	pm1d_80.1	80	3128	245	205.3333333	36.50994102	207	0.2903907299	36.80033175	83.80952381	84.48979592	0.680272109
1	1	rudy	pm1d_80.2	80	3128	284	242	45.55420033	251	0.3064609369	45.86066127	85.21126761	88.38028169	3.169014085
1	1	rudy	pm1d_80.3	80	3128	291	240.6666667	31.7438887	258	0.3633509477	32.10723964	82.70332188	88.65979381	5.956471936
1	1	rudy	pm1d_80.4	80	3128	251	200.3333333	41.81022803	213.3333333	0.3614896933	42.17171772	79.81407703	84.99335989	5.179282869
1	1	rudy	pm1d_80.5	80	3128	242	210	39.24185665	220.3333333	0.2775243123	39.51938097	86.7768595	91.04683196	4.269972452
1	1	rudy	pm1d_80.6	80	3128	205	162	42.88003699	170.6666667	0.3089869817	43.18902397	79.02439024	83.25203252	4.227642277
1	1	rudy	pm1d_80.7	80	3128	249	204.3333333	38.08277933	212.6666667	0.2718617121	38.35464104	82.06157965	85.40829987	3.346720214
1	1	rudy	pm1d_80.8	80	3128	293	248.6666667	33.95977163	256.6666667	0.2994952997	34.25926693	84.86916951	87.59954494	2.730375427
1	1	rudy	pm1d_80.9	80	3128	258	218.3333333	33.79339695	221.6666667	0.2924566269	34.08585358	84.625323	85.91731266	1.291989664
1	1	rudy	pm1s_80.0	80	316	79	58.66666667	4.692117373	64.66666667	0.03768865267	4.729806026	74.26160338	81.85654008	7.594936709
1	1	rudy	pm1s_80.1	80	316	85	67	3.906356017	70.33333333	0.04776597023	3.954121987	78.82352941	82.74509804	3.921568627
1	1	rudy	pm1s_80.2	80	316	82	67.33333333	4.000158628	71.33333333	0.03483637174	4.034995	82.11382114	86.99186992	4.87804878
1	1	rudy	pm1s_80.3	80	316	81	72	4.770926634	73.33333333	0.03767633438	4.808602969	88.88888889	90.53497942	1.646090535
1	1	rudy	pm1s_80.4	80	316	70	64	4.842445215	66.33333333	0.04264601072	4.885091225	91.42857143	94.76190476	3.333333333
1	1	rudy	pm1s_80.5	80	316	87	73.66666667	5.644637028	76.66666667	0.04057161013	5.685208639	84.6743295	88.12260536	3.448275862
1	1	rudy	pm1s_80.6	80	316	73	65	5.196918329	67.33333333	0.03906567891	5.235984008	89.04109589	92.23744292	3.196347032
1	1	rudy	pm1s_80.7	80	316	83	71	5.170045694	75	0.04291812579	5.21296382	85.54216867	90.36144578	4.819277108
1	1	rudy	pm1s_80.8	80	316	81	67.33333333	5.712493022	70.66666667	0.04087090492	5.753363927	83.12757202	87.24279835	4.115226338
1	1	rudy	pm1s_80.9	80	316	70	62	4.46486934	64.33333333	0.04585369428	4.510723035	88.57142857	91.9047619	3.333333333
1	1	rudy	w01_100.0	100	495	651	549.6666667	8.878430049	568.6666667	0.06948097547	8.947911024	84.43420379	87.35279058	2.91858679
1	1	rudy	w01_100.1	100	495	719	587.3333333	9.831281026	614	0.0716466109	9.902927637	81.68752898	85.39638387	3.708854891
1	1	rudy	w01_100.2	100	495	676	540	7.959850232	577.3333333	0.06632971764	8.026179949	79.8816568	85.40433925	5.522682446
1	1	rudy	w01_100.3	100	495	813	696.6666667	8.331890345	735.6666667	0.07975459099	8.411644936	85.69085691	90.48790488	4.79704797
1	1	rudy	w01_100.4	100	495	668	520.6666667	8.547714949	546	0.06809814771	8.615813096	77.94411178	81.73652695	3.79241517
1	1	rudy	w01_100.5	100	495	643	539.6666667	6.705344995	569.6666667	0.07150729497	6.77685229	83.92949715	88.59512701	4.66562986
1	1	rudy	w01_100.6	100	495	654	527.6666667	7.96894455	488.6666667	0.05949664116	8.028441191	80.68297655	74.7196738	-5.963302752
1	1	rudy	w01_100.7	100	495	725	628.3333333	10.29315066	684	0.0664776961	10.35962836	86.66666667	94.34482759	7.67816092
1	1	rudy	w01_100.8	100	495	721	570.6666667	12.61220503	589	0.06839839617	12.68060342	79.14932963	81.69209431	2.542764679
1	1	rudy	w01_100.9	100	495	729	608.3333333	9.352336645	621	0.07611433665	9.428450982	83.44764518	85.18518519	1.737540009
1	1	rudy	w05_100.0	100	2475	1646	1360	38.77362498	1445	0.3020963669	39.07572134	82.62454435	87.78857837	5.164034022
1	1	rudy	w05_100.1	100	2475	1606	1248	29.64699372	1334.666667	0.3031606674	29.95015438	77.70859278	83.10502283	5.396430054
1	1	rudy	w05_100.2	100	2475	1902	1519.666667	42.52815866	1648.333333	0.2959636847	42.82412235	79.89835261	86.66316158	6.764808973
1	1	rudy	w05_100.3	100	2475	1627	1352.333333	37.21389937	1432	0.2790739536	37.49297333	83.11821348	88.01475108	4.896537595
1	1	rudy	w05_100.4	100	2475	1546	1192.666667	31.76940298	1310.333333	0.3649849892	32.13438797	77.14532126	84.7563605	7.611039241
1	1	rudy	w05_100.5	100	2475	1581	1402	43.91053955	1443.666667	0.291541338	44.20208089	88.67805187	91.31351465	2.635462787
1	1	rudy	w05_100.6	100	2475	1479	1063	37.38449995	1172.666667	0.3000896772	37.68458962	71.87288709	79.28780708	7.414919991
1	1	rudy	w05_100.7	100	2475	1987	1593.333333	34.57597756	1678.333333	0.280979077	34.85695664	80.18788794	84.46569368	4.277805737
1	1	rudy	w05_100.8	100	2475	1311	1114.666667	51.22835596	1188.333333	0.3167503675	51.54510633	85.02415459	90.64327485	5.619120264
1	1	rudy	w05_100.9	100	2475	1752	1452.666667	49.98311202	1550.666667	0.3492383957	50.33235041	82.91476408	88.50837139	5.593607306
1	1	rudy	w09_100.0	100	4455	2121	1732.333333	68.09785803	1865.666667	0.5773413976	68.67519943	81.67531039	87.96165331	6.28634292
1	1	rudy	w09_100.1	100	4455	2096	1725.333333	61.40177631	1855	0.6597686609	62.06154497	82.31552163	88.5019084	6.186386769
1	1	rudy	w09_100.2	100	4455	2738	2455	54.33859833	2587.333333	0.5172483126	54.85584664	89.66398831	94.4971999	4.83321159
1	1	rudy	w09_100.3	100	4455	1990	1676	56.79326431	1798.666667	0.5536239942	57.3468883	84.22110553	90.38525963	6.164154104
1	1	rudy	w09_100.4	100	4455	2033	1675.333333	77.78643433	1751.333333	0.5471910636	78.3336254	82.40695196	86.14526972	3.738317757
1	1	rudy	w09_100.5	100	4455	2433	1836	70.74186166	2024.333333	0.5677886804	71.30965034	75.46239211	83.20317852	7.740786409
1	1	rudy	w09_100.6	100	4455	2220	1872.666667	100.8704073	1968	0.6390980085	101.5095054	84.35435435	88.64864865	4.294294294
1	1	rudy	w09_100.7	100	4455	2252	1891	56.19625004	1946	0.5241235892	56.72037363	83.96980462	86.41207815	2.442273535
1	1	rudy	w09_100.8	100	4455	1843	1252.666667	65.38278874	1431.333333	0.5740509828	65.95683972	67.9688913	77.66323024	9.69433894
1	1	rudy	w09_100.9	100	4455	2043	1592	52.33195337	1673.666667	0.585944891	52.91789826	77.92462066	81.92201012	3.99738946
1	1	rudy	pm1d_100.0	100	4901	340	263	71.70927556	294.6666667	0.5705334346	72.279809	77.35294118	86.66666667	9.31372549
1	1	rudy	pm1d_100.1	100	4901	324	243	73.07861423	258.6666667	0.6164689859	73.69508322	75	79.83539095	4.835390947
1	1	rudy	pm1d_100.2	100	4901	389	341.3333333	88.36215901	360.6666667	0.5431819757	88.90534099	87.74635818	92.71636675	4.970008569
1	1	rudy	pm1d_100.3	100	4901	400	335	77.06893571	358.6666667	0.5880393187	77.65697503	83.75	89.66666667	5.916666667
1	1	rudy	pm1d_100.4	100	4901	363	308.6666667	53.12624272	326.6666667	0.5927316348	53.71897435	85.03213958	89.99081726	4.958677686
1	1	rudy	pm1d_100.5	100	4901	441	363	55.52600423	385.6666667	0.5933340391	56.11933827	82.31292517	87.45275888	5.139833711
1	1	rudy	pm1d_100.6	100	4901	367	294.3333333	68.85409204	324.3333333	0.6537882487	69.50788029	80.19981835	88.37420527	8.174386921
1	1	rudy	pm1d_100.7	100	4901	361	256.6666667	78.36755498	287.6666667	0.689231952	79.05678693	71.09879963	79.68605725	8.587257618
1	1	rudy	pm1d_100.8	100	4901	385	296.3333333	73.34127498	326.3333333	0.5564233462	73.89769832	76.96969697	84.76190476	7.792207792
1	1	rudy	pm1d_100.9	100	4901	405	339.3333333	80.24494028	359.6666667	0.5718159676	80.81675625	83.78600823	88.80658436	5.020576132
1	1	rudy	pm1s_100.0	100	495	127	101.6666667	7.949852705	108.6666667	0.07267864545	8.02253135	80.05249344	85.56430446	5.511811024
1	1	rudy	pm1s_100.1	100	495	126	107.6666667	6.792556683	111.6666667	0.08704956373	6.879606247	85.44973545	88.62433862	3.174603175
1	1	rudy	pm1s_100.2	100	495	125	100.6666667	8.904639403	104.6666667	0.06404066086	8.968680064	80.53333333	83.73333333	3.2
1	1	rudy	pm1s_100.3	100	495	111	88.33333333	8.347008387	93.33333333	0.06405631701	8.411064704	79.57957958	84.08408408	4.504504505
1	1	rudy	pm1s_100.4	100	495	128	105.3333333	7.451157967	112.3333333	0.06765898069	7.518816948	82.29166667	87.76041667	5.46875
1	1	rudy	pm1s_100.5	100	495	128	103.3333333	6.173405727	105.6666667	0.06489356359	6.23829929	80.72916667	82.55208333	1.822916667
1	1	rudy	pm1s_100.6	100	495	122	98	6.972768784	106.6666667	0.06904029846	7.041809082	80.32786885	87.43169399	7.103825137
1	1	rudy	pm1s_100.7	100	495	112	84.66666667	9.457391342	87.66666667	0.06870428721	9.526095629	75.5952381	78.27380952	2.678571429
1	1	rudy	pm1s_100.8	100	495	120	91.66666667	8.367867708	96.33333333	0.07226634026	8.440134048	76.38888889	80.27777778	3.888888889
1	1	rudy	pm1s_100.9	100	495	127	98.33333333	9.02943031	106.6666667	0.07332197825	9.102752288	77.42782152	83.98950131	6.56167979
1	1	rudy	pw01_100.0	100	495	2019	1916	7.995586634	1913	0.08224670092	8.077833335	94.89846459	94.74987618	-0.1485884101
1	1	rudy	pw01_100.1	100	495	2060	1944.666667	5.813503742	1989	0.06554333369	5.879047076	94.4012945	96.55339806	2.15210356
1	1	rudy	pw01_100.2	100	495	2032	1900	7.103706996	1942	0.06823770205	7.171944698	93.50393701	95.57086614	2.066929134
1	1	rudy	pw01_100.3	100	495	2067	1947.666667	8.052188635	1980.333333	0.07254807154	8.124736706	94.22673762	95.80712788	1.580390259
1	1	rudy	pw01_100.4	100	495	2039	1872	7.334613959	1913.666667	0.06728204091	7.401896	91.80971064	93.85319601	2.043485369
1	1	rudy	pw01_100.5	100	495	2108	1989.333333	10.90515367	1994.333333	0.0661954085	10.97134908	94.37065149	94.60784314	0.2371916509
1	1	rudy	pw01_100.6	100	495	2032	1892	7.50466466	1922.666667	0.06710402171	7.571768681	93.11023622	94.61942257	1.509186352
1	1	rudy	pw01_100.7	100	495	2074	1933.666667	10.31573574	1976.666667	0.06680599848	10.38254174	93.23368692	95.30697525	2.073288332
1	1	rudy	pw01_100.8	100	495	2022	1897	11.22694596	1921.666667	0.06679638227	11.29374234	93.81800198	95.03791625	1.219914276
1	1	rudy	pw01_100.9	100	495	2005	1888.333333	7.469572862	1916.666667	0.06777882576	7.537351688	94.18121363	95.59434746	1.413133832
1	1	rudy	pw05_100.0	100	2475	8190	7938.333333	26.30459666	8019.666667	0.2708816528	26.57547832	96.92714693	97.92022792	0.9930809932
1	1	rudy	pw05_100.1	100	2475	8045	7872.333333	45.39165036	7913.666667	0.2836163044	45.67526666	97.85373938	98.36751606	0.513776673
1	1	rudy	pw05_100.2	100	2475	8039	7780	40.2894249	7873.666667	0.2983008226	40.58772572	96.77820624	97.94335946	1.165153211
1	1	rudy	pw05_100.3	100	2475	8139	7814	36.13816325	7896.666667	0.2901816368	36.42834489	96.00688045	97.02256624	1.015685793
1	1	rudy	pw05_100.4	100	2475	8125	7862	39.67422732	7916.333333	0.2676562468	39.94188356	96.76307692	97.43179487	0.6687179487
1	1	rudy	pw05_100.5	100	2475	8169	7973.666667	45.13923399	8004.333333	0.3707603614	45.50999435	97.60884645	97.9842494	0.375402946
1	1	rudy	pw05_100.6	100	2475	8217	7941.666667	37.27875964	8017.333333	0.3685746193	37.64733426	96.64922316	97.57007829	0.9208551376
1	1	rudy	pw05_100.7	100	2475	8249	7987.666667	44.57587401	8030.666667	0.2760740121	44.85194802	96.83193922	97.35321453	0.5212753061
1	1	rudy	pw05_100.8	100	2475	8199	7960	54.95862603	8040	0.2911139329	55.24973996	97.08501037	98.06073911	0.9757287474
1	1	rudy	pw05_100.9	100	2475	8099	7811.333333	36.75379101	7870.666667	0.267726024	37.02151704	96.44812117	97.1807219	0.7326007327
1	1	rudy	pw09_100.0	100	4455	13585	13314	62.30508272	13392	0.4945246379	62.79960736	98.00515274	98.57931542	0.5741626794
1	1	rudy	pw09_100.1	100	4455	13417	13154	66.55700326	13211.66667	0.4906490644	67.04765232	98.03980025	98.46960324	0.4298029865
1	1	rudy	pw09_100.2	100	4455	13461	13175.33333	63.60371637	13280.33333	0.4906356335	64.09435201	97.87781987	98.65785108	0.7800312012
1	1	rudy	pw09_100.3	100	4455	13656	13449.33333	78.62184532	13485.66667	0.5067087015	79.12855403	98.48662371	98.75268502	0.2660613166
1	1	rudy	pw09_100.4	100	4455	13514	13237	59.89152002	13272.33333	0.4794156551	60.37093568	97.95027379	98.21173104	0.261457254
1	1	rudy	pw09_100.5	100	4455	13574	13335.66667	50.3076423	13384	0.4560236931	50.76366599	98.24419233	98.60026521	0.3560728842
1	1	rudy	pw09_100.6	100	4455	13640	13334.33333	59.19278439	13388.66667	0.4705723921	59.66335678	97.75904203	98.15738025	0.3983382214
1	1	rudy	pw09_100.7	100	4455	13501	13264.33333	65.43879223	13312.33333	0.4692524274	65.90804466	98.24704343	98.60257265	0.3555292201
1	1	rudy	pw09_100.8	100	4455	13593	13346.33333	66.21662092	13380.66667	0.4622108142	66.67883174	98.18534049	98.43792148	0.2525809858
1	1	rudy	pw09_100.9	100	4455	13658	13504	96.83338435	13530.33333	0.4718759855	97.30526034	98.8724557	99.0652609	0.1928051933
1	2	ising	t3g5_5555	125	375	10933215	9810527.333	8.34386007	9728673.667	0.06980466843	8.413664738	89.73140411	88.98273442	-0.7486696883
1	2	ising	t3g5_6666	125	375	11582216	10404389.67	8.584469716	10396913	0.06779726346	8.652266979	89.83073418	89.76618119	-0.06455298969
1	2	ising	t3g5_7777	125	375	11552046	10143662.67	6.804716667	10105097	0.06807287534	6.872789542	87.80836457	87.47452183	-0.3338427383
1	2	ising	t3g6_5555	216	648	17434469	14985223.67	24.39312569	14997822.67	0.1882158915	24.58134158	85.95170674	86.02397163	0.07226489089
1	2	ising	t3g6_6666	216	648	20217380	18184193.33	24.53248334	18184193.33	0.1938037078	24.72628705	89.94337215	89.94337215	0
1	2	ising	t3g6_7777	216	648	19475011	17518989	20.54473392	17525643.33	0.1859207153	20.73065464	89.95624701	89.99041558	0.03416857274
1	2	ising	t3g7_5555	343	1029	28302918	23936167.33	55.15772772	23927489	0.6385834217	55.79631114	84.57137647	84.54071414	-0.03066232711
1	2	ising	t3g7_6666	343	1029	33611981	28870446	49.51225773	28970444.33	0.4879199664	50.0001777	85.89331881	86.19082682	0.2975080026
1	2	ising	t3g7_7777	343	1029	29118445	26367682.33	58.72926966	26110872.67	0.479518652	59.20878832	90.55319518	89.67124675	-0.8819484234
1	2	ising	t2g10_5555	100	200	6049461	5336153	4.055760384	5335194.667	0.05065496763	4.106415351	88.20873463	88.192893	-0.01584163168
1	2	ising	t2g10_6666	100	200	5757868	5249296.667	3.961859703	5219687	0.03583860397	3.997698307	91.16736727	90.65312022	-0.5142470559
1	2	ising	t2g10_7777	100	200	6509837	6092006.667	3.729027033	6022550.333	0.03586697578	3.764894009	93.5815546	92.51461032	-1.066944277
1	2	ising	t2g15_5555	225	450	15051133	12982953	16.35492166	12961129	0.1523926258	16.50731428	86.25897466	86.11397561	-0.1449990509
1	2	ising	t2g15_6666	225	450	15763716	14076608.67	14.97404432	13959313.33	0.154074351	15.12811867	89.29752773	88.55344345	-0.7440842844
1	2	ising	t2g15_7777	225	450	15269399	13478301.33	16.87028726	13342707	0.1613883177	17.03167558	88.27001857	87.38200502	-0.8880135577
1	2	ising	t2g20_5555	400	800	24838942	21306586	45.503383	20975629	0.4833792845	45.98676229	85.77895951	84.44654768	-1.332411823
1	2	ising	t2g20_6666	400	800	29290570	25839926.67	47.81123829	25917369.33	0.4557593664	48.26699766	88.21926875	88.48366329	0.2643945359
1	2	ising	t2g20_7777	400	800	28349398	24478784	44.21399411	24487478.33	0.4892106056	44.70320471	86.34675064	86.37741914	0.03066849356
1	2	ising	ising2.5-100_5555	100	4950	2460049	2395208.667	48.75602309	2395208.667	0.6035896937	49.35961278	97.36426659	97.36426659	0
1	2	ising	ising2.5-100_6666	100	4950	2031217	1867032.333	63.02041666	1867032.333	0.6331139406	63.6535306	91.91693125	91.91693125	0
1	2	ising	ising2.5-100_7777	100	4950	3363230	3245378	55.75860635	3239911.333	0.5667496522	56.32535601	96.49586855	96.3333264	-0.1625421595
1	2	ising	ising2.5-150_5555	150	11175	4363532	4166921	188.9583227	4166921	1.975652933	190.9339756	95.49422349	95.49422349	0
1	2	ising	ising2.5-150_6666	150	11175	4057153	3763326.333	172.2663808	3763326.333	2.035521587	174.3019024	92.75781153	92.75781153	0
1	2	ising	ising2.5-150_7777	150	11175	4243269	3940811.333	180.3223872	3939895	2.036779642	182.3591669	92.87206004	92.85046505	-0.02159498561
1	2	ising	ising2.5-200_5555	200	19900	6294701	5855908	402.7883453	5857018.333	4.657942931	407.4462882	93.0291685	93.04680768	0.01763917508
1	2	ising	ising2.5-200_6666	200	19900	6795365	6322641.667	503.173349	6322641.667	4.776115259	507.9494642	93.04344456	93.04344456	0
1	2	ising	ising2.5-200_7777	200	19900	5568272	5272509	442.7739251	5283090	4.705638965	447.479564	94.68842399	94.87844703	0.1900230449
1	2	ising	ising2.5-250_5555	250	31125	7919449	7400453	816.2300076	7400453	9.068436702	825.2984444	93.44656427	93.44656427	0
1	2	ising	ising2.5-250_6666	250	31125	6925717	6400448	820.2261686	6400448	8.97219197	829.1983606	92.41567335	92.41567335	0
1	2	ising	ising2.5-250_7777	250	31125	6596797	5927978	764.3737323	5927978	8.774961392	773.1486937	89.86145852	89.86145852	0
1	2	ising	ising2.5-300_5555	300	44850	8579363	7926995	1311.535494	7926562	15.62925275	1327.164747	92.39607882	92.39103183	-0.005046994748
1	2	ising	ising2.5-300_6666	300	44850	9102033	8402510.667	1236.13085	8402510.667	15.64247012	1251.77332	92.31465835	92.31465835	0
1	2	ising	ising2.5-300_7777	300	44850	8323804	7563229.333	1342.74387	7568660.333	15.34508197	1358.088952	90.86265526	90.92790187	0.0652466108
1	2	ising	ising3.0-100_5555	100	4950	2448189	2369822.333	61.56049156	2366755	0.5627630552	62.12325462	96.79899441	96.67370452	-0.125289891
1	2	ising	ising3.0-100_6666	100	4950	1984099	1893788.333	63.87959997	1889765.333	0.5621256828	64.44172565	95.4482782	95.24551614	-0.2027620598
1	2	ising	ising3.0-100_7777	100	4950	3335814	3174664.667	66.08158104	3172924.667	0.5555373033	66.63711834	95.16911514	95.11695396	-0.05216118165
1	2	ising	ising3.0-150_5555	150	11175	4279261	4090490.333	197.9255517	4089677.333	1.97652936	199.9020811	95.58870874	95.56971013	-0.01899860747
1	2	ising	ising3.0-150_6666	150	11175	3949317	3741594.667	178.3462264	3741327	1.955031315	180.3012577	94.74029729	94.73351975	-0.006777543307
1	2	ising	ising3.0-150_7777	150	11175	4211158	4025399	189.6337347	4025399	1.988746007	191.6224807	95.58888553	95.58888553	0
1	2	ising	ising3.0-200_5555	200	19900	6215531	5686006.667	436.55072	5684361	4.842257977	441.392978	91.48062598	91.45414929	-0.02647668671
1	2	ising	ising3.0-200_6666	200	19900	6756263	6287604.667	448.3831351	6287604.667	4.774483681	453.1576188	93.06334976	93.06334976	0
1	2	ising	ising3.0-200_7777	200	19900	5560824	5291086.667	411.946884	5300766	4.705423991	416.652308	95.14932799	95.32339092	0.1740629326
1	2	ising	ising3.0-250_5555	250	31125	7823791	7217207.667	714.735426	7217207.667	8.82347393	723.5589	92.24693843	92.24693843	0
1	2	ising	ising3.0-250_6666	250	31125	6903351	6415272.667	887.6182817	6415272.667	8.833629211	896.4519109	92.92983461	92.92983461	0
1	2	ising	ising3.0-250_7777	250	31125	6418276	5815819.667	836.2573033	5815819.667	8.934892575	845.1921959	90.61342433	90.61342433	0
1	2	ising	ising3.0-300_5555	300	44850	8493173	7718682	1221.638894	7718682	14.94376604	1236.58266	90.88101702	90.88101702	0
1	2	ising	ising3.0-300_6666	300	44850	8915110	8126176.667	1262.974914	8126357.333	15.0998288	1278.074742	91.15060461	91.15263113	0.002026521939
1	2	ising	ising3.0-300_7777	300	44850	8242904	7508770.667	1451.534751	7509227.333	16.28530598	1467.820057	91.09375369	91.09929381	0.005540118628
1	2	rudy	g05_60.0	60	885	536	528.6666667	12.39368931	528.6666667	0.06781768799	12.461507	98.6318408	98.6318408	0
1	2	rudy	g05_60.1	60	885	532	526.6666667	16.01408362	526.3333333	0.06393742561	16.07802105	98.99749373	98.93483709	-0.06265664173
1	2	rudy	g05_60.2	60	885	529	524.3333333	10.17734981	524.3333333	0.0672955513	10.24464536	99.11783239	99.11783239	0
1	2	rudy	g05_60.3	60	885	538	530	13.01343934	530	0.06709798177	13.08053732	98.51301115	98.51301115	0
1	2	rudy	g05_60.4	60	885	527	520.3333333	10.31770198	520	0.06960201263	10.38730399	98.73497786	98.67172676	-0.06325110683
1	2	rudy	g05_60.5	60	885	533	527	13.79479504	525.6666667	0.06721735001	13.86201239	98.87429644	98.62414009	-0.2501563477
1	2	rudy	g05_60.6	60	885	531	526.6666667	11.23594936	526.6666667	0.06689325968	11.30284262	99.18392969	99.18392969	0
1	2	rudy	g05_60.7	60	885	535	527.6666667	12.13883694	527.3333333	0.06759397189	12.20643091	98.62928349	98.56697819	-0.06230529607
1	2	rudy	g05_60.8	60	885	530	527.6666667	9.955620766	527.6666667	0.07375160853	10.02937237	99.55974843	99.55974843	0
1	2	rudy	g05_60.9	60	885	533	527.3333333	10.79691966	527.3333333	0.06776467959	10.86468434	98.93683552	98.93683552	0
1	2	rudy	g05_80.0	80	1580	929	920.6666667	24.64804498	920.3333333	0.151169618	24.7992146	99.10297811	99.06709724	-0.03588087557
1	2	rudy	g05_80.1	80	1580	941	931	28.04146171	930.3333333	0.1450119813	28.18647369	98.93730074	98.86645413	-0.07084661711
1	2	rudy	g05_80.2	80	1580	934	917	23.7012136	917	0.1877903938	23.88900399	98.17987152	98.17987152	0
1	2	rudy	g05_80.3	80	1580	923	915.6666667	21.93531132	915.6666667	0.148879687	22.084191	99.20548935	99.20548935	0
1	2	rudy	g05_80.4	80	1580	932	923.3333333	27.27935298	922.6666667	0.1527276039	27.43208059	99.07010014	98.99856938	-0.07153075815
1	2	rudy	g05_80.5	80	1580	926	913.6666667	20.09982276	913.6666667	0.1421229839	20.24194574	98.66810655	98.66810655	0
1	2	rudy	g05_80.6	80	1580	929	917	27.33944329	899.3333333	0.1475427151	27.486986	98.70828848	96.80660208	-1.901686401
1	2	rudy	g05_80.7	80	1580	929	914.3333333	25.82053439	914.3333333	0.1386809349	25.95921532	98.42124148	98.42124148	0
1	2	rudy	g05_80.8	80	1580	925	915	25.27932199	915	0.1896406809	25.46896267	98.91891892	98.91891892	0
1	2	rudy	g05_80.9	80	1580	923	916	24.05924392	904	0.1437064012	24.20295032	99.24160347	97.94149512	-1.300108342
1	2	rudy	g05_100.0	100	2475	1430	1408	43.11204171	1408	0.3109299342	43.42297165	98.46153846	98.46153846	0
1	2	rudy	g05_100.1	100	2475	1425	1419	53.98506888	1398	0.2940177123	54.27908659	99.57894737	98.10526316	-1.473684211
1	2	rudy	g05_100.2	100	2475	1432	1412	48.89760804	1412	0.2663046519	49.16391269	98.60335196	98.60335196	0
1	2	rudy	g05_100.3	100	2475	1424	1409.666667	59.85644166	1409.666667	0.2888909976	60.14533265	98.99344569	98.99344569	0
1	2	rudy	g05_100.4	100	2475	1440	1424.666667	39.93442408	1424.666667	0.2683153152	40.2027394	98.93518519	98.93518519	0
1	2	rudy	g05_100.5	100	2475	1436	1421.333333	53.30036076	1381.666667	0.3158258597	53.61618662	98.97864438	96.21634169	-2.762302692
1	2	rudy	g05_100.6	100	2475	1434	1418	44.8101836	1418	0.2893409729	45.09952458	98.88423989	98.88423989	0
1	2	rudy	g05_100.7	100	2475	1431	1408.333333	62.86379377	1408	0.2832366625	63.14703043	98.41602609	98.39273235	-0.02329373375
1	2	rudy	g05_100.8	100	2475	1432	1423	50.52286641	1422.333333	0.2945535978	50.81742001	99.37150838	99.32495344	-0.04655493506
1	2	rudy	g05_100.9	100	2475	1430	1419	64.2275854	1419	0.2650742531	64.49265965	99.23076923	99.23076923	0
1	2	rudy	pm1d_80.0	80	3128	227	209	48.79382737	209	0.2824352582	49.07626263	92.07048458	92.07048458	0
1	2	rudy	pm1d_80.1	80	3128	245	223	44.72935335	222.6666667	0.2953458627	45.02469921	91.02040816	90.88435374	-0.1360544216
1	2	rudy	pm1d_80.2	80	3128	284	271.3333333	43.42491166	270.3333333	0.3395617008	43.76447336	95.5399061	95.18779343	-0.3521126761
1	2	rudy	pm1d_80.3	80	3128	291	280.6666667	47.70597712	280.6666667	0.2766172886	47.98259441	96.44902635	96.44902635	0
1	2	rudy	pm1d_80.4	80	3128	251	236.6666667	44.06467795	236	0.2594870726	44.32416503	94.28950863	94.02390438	-0.2656042498
1	2	rudy	pm1d_80.5	80	3128	242	230.6666667	46.72989496	229.6666667	0.2807876269	47.01068258	95.31680441	94.90358127	-0.4132231405
1	2	rudy	pm1d_80.6	80	3128	205	189	44.60700496	189	0.2861483892	44.89315335	92.19512195	92.19512195	0
1	2	rudy	pm1d_80.7	80	3128	249	241.3333333	41.01948333	241.3333333	0.2572058042	41.27668913	96.9210174	96.9210174	0
1	2	rudy	pm1d_80.8	80	3128	293	275	36.70183007	275	0.2535502911	36.95538036	93.85665529	93.85665529	0
1	2	rudy	pm1d_80.9	80	3128	258	226	31.13733435	227.3333333	0.259323597	31.39665794	87.59689922	88.11369509	0.5167958655
1	2	rudy	pm1s_80.0	80	316	79	76.66666667	8.170862357	76.66666667	0.04104296366	8.21190532	97.0464135	97.0464135	0
1	2	rudy	pm1s_80.1	80	316	85	73.33333333	4.413024346	73.33333333	0.0356139342	4.44863828	86.2745098	86.2745098	0
1	2	rudy	pm1s_80.2	80	316	82	75.33333333	4.478458643	72.33333333	0.03308574359	4.511544387	91.8699187	88.21138211	-3.658536585
1	2	rudy	pm1s_80.3	80	316	81	75	5.706241369	75	0.03837561607	5.744616985	92.59259259	92.59259259	0
1	2	rudy	pm1s_80.4	80	316	70	62.66666667	4.982723236	62.66666667	0.04911247889	5.031835715	89.52380952	89.52380952	0
1	2	rudy	pm1s_80.5	80	316	87	81.33333333	4.907672644	82	0.04389500618	4.95156765	93.48659004	94.25287356	0.7662835249
1	2	rudy	pm1s_80.6	80	316	73	64.66666667	4.488879999	64.66666667	0.03859265645	4.527472655	88.58447489	88.58447489	0
1	2	rudy	pm1s_80.7	80	316	83	72.33333333	4.691817999	72.33333333	0.04123338064	4.73305138	87.14859438	87.14859438	0
1	2	rudy	pm1s_80.8	80	316	81	76.33333333	6.304222981	76.33333333	0.04052011172	6.344743093	94.23868313	94.23868313	0
1	2	rudy	pm1s_80.9	80	316	70	64	4.644594908	64	0.03738665581	4.681981564	91.42857143	91.42857143	0
1	2	rudy	w01_100.0	100	495	651	585.6666667	11.03244638	585.6666667	0.06849932671	11.10094571	89.96415771	89.96415771	0
1	2	rudy	w01_100.1	100	495	719	673.3333333	11.15913407	673.3333333	0.08742729823	11.24656137	93.648586	93.648586	0
1	2	rudy	w01_100.2	100	495	676	611	8.730707089	611	0.074766318	8.805473407	90.38461538	90.38461538	0
1	2	rudy	w01_100.3	100	495	813	771	10.36896269	771	0.08967638016	10.45863907	94.83394834	94.83394834	0
1	2	rudy	w01_100.4	100	495	668	617	9.649926424	615	0.07707897822	9.727005402	92.36526946	92.06586826	-0.2994011976
1	2	rudy	w01_100.5	100	495	643	594	11.453777	594	0.06720940272	11.5209864	92.37947123	92.37947123	0
1	2	rudy	w01_100.6	100	495	654	611	11.4204433	612.3333333	0.07026108106	11.49070438	93.42507645	93.62895005	0.2038735983
1	2	rudy	w01_100.7	100	495	725	669	10.63178635	667.3333333	0.08680359523	10.71858994	92.27586207	92.04597701	-0.2298850575
1	2	rudy	w01_100.8	100	495	721	612.6666667	10.25727232	612.3333333	0.06754700343	10.32481933	84.97457235	84.92834027	-0.04623208516
1	2	rudy	w01_100.9	100	495	729	684	9.167527676	684	0.07001805305	9.237545729	93.82716049	93.82716049	0
1	2	rudy	w05_100.0	100	2475	1646	1564.666667	47.02015464	1560	0.2934015592	47.31355619	95.05872823	94.77521264	-0.2835155936
1	2	rudy	w05_100.1	100	2475	1606	1526	79.83275294	1526	0.4040786425	80.23683159	95.01867995	95.01867995	0
1	2	rudy	w05_100.2	100	2475	1902	1815.333333	61.61741002	1815.333333	0.2864646117	61.90387464	95.44339292	95.44339292	0
1	2	rudy	w05_100.3	100	2475	1627	1558	45.844232	1558	0.287062645	46.13129465	95.75906577	95.75906577	0
1	2	rudy	w05_100.4	100	2475	1546	1446.333333	50.73362239	1445.333333	0.3144889673	51.04811136	93.55325571	93.48857266	-0.06468305304
1	2	rudy	w05_100.5	100	2475	1581	1520	41.23026037	1520	0.2807773749	41.51103775	96.14168248	96.14168248	0
1	2	rudy	w05_100.6	100	2475	1479	1361.333333	40.50345198	1360	0.3169403871	40.82039237	92.04417399	91.95402299	-0.0901510027
1	2	rudy	w05_100.7	100	2475	1987	1903.666667	59.26606838	1898.666667	0.2851323287	59.55120071	95.80607281	95.55443718	-0.2516356316
1	2	rudy	w05_100.8	100	2475	1311	1281.666667	47.40695707	1281.666667	0.3191999594	47.72615703	97.76252225	97.76252225	0
1	2	rudy	w05_100.9	100	2475	1752	1696.333333	62.25923594	1696	0.299729983	62.55896592	96.82267884	96.80365297	-0.019025875
1	2	rudy	w09_100.0	100	4455	2121	1995	105.8602153	1995	0.5557216803	106.415937	94.05940594	94.05940594	0
1	2	rudy	w09_100.1	100	4455	2096	1913.333333	94.63287505	1912.666667	0.5749386152	95.20781366	91.28498728	91.25318066	-0.03180661546
1	2	rudy	w09_100.2	100	4455	2738	2591	86.08572531	2591	0.5051017602	86.59082707	94.6311176	94.6311176	0
1	2	rudy	w09_100.3	100	4455	1990	1864.333333	86.21978569	1860.666667	0.5670733452	86.78685904	93.68509213	93.50083752	-0.184254606
1	2	rudy	w09_100.4	100	4455	2033	1875.333333	89.418969	1875.333333	0.5158296426	89.93479864	92.24463027	92.24463027	0
1	2	rudy	w09_100.5	100	4455	2433	2389.333333	132.7389966	2389.333333	0.5192113717	133.258208	98.20523359	98.20523359	0
1	2	rudy	w09_100.6	100	4455	2220	2084.333333	83.61209639	2083	0.4826406638	84.09473705	93.88888889	93.82882883	-0.06006005991
1	2	rudy	w09_100.7	100	4455	2252	2096.666667	113.3971697	2093	0.5961116155	113.9932813	93.10242747	92.93960924	-0.1628182358
1	2	rudy	w09_100.8	100	4455	1843	1756	92.88667393	1756	0.5064777533	93.39315168	95.2794357	95.2794357	0
1	2	rudy	w09_100.9	100	4455	2043	1888.666667	101.3899063	1888.666667	0.541973273	101.9318796	92.44574971	92.44574971	0
1	2	rudy	pm1d_100.0	100	4901	340	299.6666667	72.5976344	299.6666667	0.6414662202	73.23910062	88.1372549	88.1372549	0
1	2	rudy	pm1d_100.1	100	4901	324	299.3333333	132.022849	299.3333333	0.6001273791	132.6229764	92.38683128	92.38683128	0
1	2	rudy	pm1d_100.2	100	4901	389	379	123.1353411	379	0.6641469797	123.7994881	97.42930591	97.42930591	0
1	2	rudy	pm1d_100.3	100	4901	400	353	85.48445304	355	0.57056729	86.05502033	88.25	88.75	0.5
1	2	rudy	pm1d_100.4	100	4901	363	330.3333333	80.00451231	329	0.6486296654	80.65314198	91.00091827	90.63360882	-0.3673094581
1	2	rudy	pm1d_100.5	100	4901	441	428	111.9520533	427.6666667	0.6166877747	112.5687411	97.0521542	96.97656841	-0.0755857898
1	2	rudy	pm1d_100.6	100	4901	367	340.3333333	103.8285833	340	0.6151776314	104.443761	92.73387829	92.64305177	-0.09082652125
1	2	rudy	pm1d_100.7	100	4901	361	339.3333333	112.5414127	338.3333333	0.7350927194	113.2765054	93.99815328	93.72114497	-0.2770083102
1	2	rudy	pm1d_100.8	100	4901	385	332	91.78477009	332	0.5323449771	92.31711507	86.23376623	86.23376623	0
1	2	rudy	pm1d_100.9	100	4901	405	367.6666667	103.8007433	367.6666667	0.5807579358	104.3815013	90.781893	90.781893	0
1	2	rudy	pm1s_100.0	100	495	127	123	10.07192365	122.6666667	0.06363630295	10.13555996	96.8503937	96.58792651	-0.2624671913
1	2	rudy	pm1s_100.1	100	495	126	114.3333333	8.673204025	115.3333333	0.06429195404	8.737495979	90.74074074	91.53439153	0.7936507937
1	2	rudy	pm1s_100.2	100	495	125	114.3333333	7.806454976	114.3333333	0.06727870305	7.873733679	91.46666667	91.46666667	0
1	2	rudy	pm1s_100.3	100	495	111	105.6666667	8.61214296	105.6666667	0.06696677208	8.679109732	95.1951952	95.1951952	0
1	2	rudy	pm1s_100.4	100	495	128	118.3333333	8.083820025	119	0.06253131231	8.146351337	92.44791667	92.96875	0.5208333336
1	2	rudy	pm1s_100.5	100	495	128	114.3333333	8.312686364	114	0.06505767504	8.377744039	89.32291667	89.0625	-0.2604166664
1	2	rudy	pm1s_100.6	100	495	122	108	7.93143034	108	0.06513269742	7.996563037	88.52459016	88.52459016	0
1	2	rudy	pm1s_100.7	100	495	112	102	9.491242409	102.3333333	0.06209119161	9.5533336	91.07142857	91.36904762	0.2976190473
1	2	rudy	pm1s_100.8	100	495	120	106	7.596121391	106.3333333	0.06139961878	7.657521009	88.33333333	88.61111111	0.2777777775
1	2	rudy	pm1s_100.9	100	495	127	114	7.675038656	115.3333333	0.05948003133	7.734518687	89.76377953	90.81364829	1.049868766
1	2	rudy	pw01_100.0	100	495	2019	1971.666667	9.401633739	1971.666667	0.06389697393	9.465530713	97.65560509	97.65560509	0
1	2	rudy	pw01_100.1	100	495	2060	2014	9.650981983	2015.666667	0.06449604034	9.715478023	97.76699029	97.84789644	0.08090614903
1	2	rudy	pw01_100.2	100	495	2032	1975.333333	8.980423768	1976	0.06383768717	9.044261456	97.21128609	97.24409449	0.03280839911
1	2	rudy	pw01_100.3	100	495	2067	2007.333333	10.13372668	2007.333333	0.06415335337	10.19788003	97.11336881	97.11336881	0
1	2	rudy	pw01_100.4	100	495	2039	1996	11.08697732	1994.333333	0.06490008036	11.1518774	97.8911231	97.80938368	-0.08173941491
1	2	rudy	pw01_100.5	100	495	2108	2031	8.025630951	2029.333333	0.0670747757	8.092705727	96.34724858	96.26818469	-0.07906388378
1	2	rudy	pw01_100.6	100	495	2032	1996.666667	10.76749206	1996.666667	0.06489801407	10.83239007	98.26115486	98.26115486	0
1	2	rudy	pw01_100.7	100	495	2074	1999.666667	8.547562997	1997.666667	0.06527066231	8.612833659	96.41594343	96.31951141	-0.09643201543
1	2	rudy	pw01_100.8	100	495	2022	1969	11.98736628	1969	0.0637354056	12.05110168	97.37883284	97.37883284	0
1	2	rudy	pw01_100.9	100	495	2005	1984.333333	11.30741334	1981.333333	0.06416368485	11.37157702	98.96924356	98.81961762	-0.1496259352
1	2	rudy	pw05_100.0	100	2475	8190	8094.333333	53.95288642	8094.333333	0.2641189098	54.21700533	98.83190883	98.83190883	0
1	2	rudy	pw05_100.1	100	2475	8045	7901	36.52965069	7896.666667	0.27902174	36.80867243	98.21006837	98.15620468	-0.05386368341
1	2	rudy	pw05_100.2	100	2475	8039	7978	54.72148744	7977.666667	0.2622789542	54.9837664	99.24119915	99.2370527	-0.004146452668
1	2	rudy	pw05_100.3	100	2475	8139	7996.333333	45.29822461	7996	0.258310159	45.55653477	98.24712291	98.2430274	-0.004095507188
1	2	rudy	pw05_100.4	100	2475	8125	7972.333333	48.752906	7980.333333	0.2595386505	49.01244466	98.12102564	98.21948718	0.09846153846
1	2	rudy	pw05_100.5	100	2475	8169	8072	51.72082599	8072	0.2830033302	52.00382932	98.81258416	98.81258416	0
1	2	rudy	pw05_100.6	100	2475	8217	8152	46.22725161	8154.333333	0.2549591064	46.48221072	99.20895704	99.23735345	0.0283964139
1	2	rudy	pw05_100.7	100	2475	8249	8135.666667	40.64910229	8135.666667	0.2559550603	40.90505735	98.62609609	98.62609609	0
1	2	rudy	pw05_100.8	100	2475	8199	8093.333333	51.10701426	8093	0.2725880941	51.37960235	98.71122495	98.70715941	-0.004065536407
1	2	rudy	pw05_100.9	100	2475	8099	7988.333333	50.90052795	7985.333333	0.2553340594	51.15586201	98.63357616	98.59653455	-0.03704161008
1	2	rudy	pw09_100.0	100	4455	13585	13498	79.58887172	13498	0.4833746751	80.07224639	99.35958778	99.35958778	0
1	2	rudy	pw09_100.1	100	4455	13417	13345	78.04991611	13343.66667	0.4677495956	78.5176657	99.46336737	99.45342973	-0.009937641052
1	2	rudy	pw09_100.2	100	4455	13461	13357.33333	90.47470792	13352	0.4481890202	90.92289694	99.22987396	99.19025332	-0.0396206322
1	2	rudy	pw09_100.3	100	4455	13656	13568	82.29925497	13567.66667	0.4257933299	82.7250483	99.35559461	99.35315368	-0.002440929262
1	2	rudy	pw09_100.4	100	4455	13514	13370	69.604985	13367	0.441215992	70.04620099	98.93443836	98.91223916	-0.02219920083
1	2	rudy	pw09_100.5	100	4455	13574	13501	85.41136503	13496.66667	0.4285306136	85.83989565	99.46220716	99.43028339	-0.0319237756
1	2	rudy	pw09_100.6	100	4455	13640	13509.33333	60.98448428	13505.66667	0.4391959508	61.42368023	99.04203324	99.01515152	-0.02688171994
1	2	rudy	pw09_100.7	100	4455	13501	13417.33333	76.38382173	13420	0.4280132453	76.81183497	99.38029282	99.40004444	0.01975162358
1	2	rudy	pw09_100.8	100	4455	13593	13426.33333	75.45260262	13426	0.4314173857	75.88402001	98.77387871	98.77142647	-0.002452242331
1	2	rudy	pw09_100.9	100	4455	13658	13571	75.5104727	13255	0.4635887146	75.97406141	99.36301069	97.04934837	-2.313662322
2	1	ising	t3g5_5555	125	375	10933215	9272964.667	5.137323459	9652591.333	0.06405297915	5.201376438	84.81461918	88.28685189	3.472232702
2	1	ising	t3g5_6666	125	375	11582216	10029891	6.252494335	10279850.33	0.06651695569	6.319011291	86.59734027	88.75547074	2.158130476
2	1	ising	t3g5_7777	125	375	11552046	9942269.667	5.301235358	10077197	0.06603058179	5.36726594	86.06501105	87.23300617	1.167995118
2	1	ising	t3g6_5555	216	648	17434469	13704605.33	11.26072566	14487756.33	0.1796782017	11.44040386	78.60638218	83.09835151	4.491969328
2	1	ising	t3g6_6666	216	648	20217380	16860714	12.83915973	17777968.67	0.1808369954	13.01999672	83.39712663	87.93408773	4.536961103
2	1	ising	t3g6_7777	216	648	19475011	14946442	11.24159503	16274568.33	0.1856853167	11.42728035	76.74677052	83.56641407	6.819643559
2	1	ising	t3g7_5555	343	1029	28302918	21540910	20.82974203	23224128	0.4677395821	21.29748162	76.10844225	82.05559582	5.947153576
2	1	ising	t3g7_6666	343	1029	33611981	26352986	22.1705478	28439283	0.4554892381	22.62603704	78.40354902	84.610553	6.207003985
2	1	ising	t3g7_7777	343	1029	29118445	22663477.67	23.37598101	24542602.33	0.47209692	23.84807793	77.83203281	84.28541542	6.453382612
2	1	ising	t2g10_5555	100	200	6049461	5459504.667	3.265731732	5452121	0.03555393219	3.301285664	90.24778681	90.12573186	-0.1220549512
2	1	ising	t2g10_6666	100	200	5757868	4960095	3.177887678	4878883.333	0.03608798981	3.213975668	86.1446459	84.73419907	-1.41044683
2	1	ising	t2g10_7777	100	200	6509837	5272935.333	3.665498654	5414498	0.04733602206	3.712834676	80.99949866	83.17409484	2.174596179
2	1	ising	t2g15_5555	225	450	15051133	12488015.67	11.21676135	13075013.33	0.1469072501	11.3636686	82.97060206	86.87062518	3.900023119
2	1	ising	t2g15_6666	225	450	15763716	13334476	9.105950038	13833463.67	0.1548949877	9.260845025	84.58967416	87.75509319	3.165419034
2	1	ising	t2g15_7777	225	450	15269399	12647641.33	10.09874598	13025744	0.1451432705	10.24388925	82.82998783	85.30619967	2.476211845
2	1	ising	t2g20_5555	400	800	24838942	19476194	22.94143073	20715371.33	0.4779426257	23.41937335	78.40991778	83.39876688	4.988849096
2	1	ising	t2g20_6666	400	800	29290570	23453984	27.66566674	25183926.33	0.4975523154	28.16321905	80.07349806	85.97963895	5.906140896
2	1	ising	t2g20_7777	400	800	28349398	22888444.67	24.02032463	24440341.33	0.5119173527	24.53224198	80.73696897	86.21114753	5.474178558
2	1	ising	ising2.5-100_5555	100	4950	2460049	2268726.333	51.47157971	2290702	0.6323633194	52.10394303	92.22281074	93.11611273	0.8933019899
2	1	ising	ising2.5-100_6666	100	4950	2031217	1752366.333	53.92727931	1782238.667	0.563268741	54.49054805	86.27174415	87.74240599	1.470661842
2	1	ising	ising2.5-100_7777	100	4950	3363230	3029104.333	60.28957295	3047013.333	0.5680907567	60.85766371	90.06533402	90.59782808	0.5324940608
2	1	ising	ising2.5-150_5555	150	11175	4363532	3974883.333	199.9466937	4051247.667	2.376911322	202.323605	91.09325504	92.84331286	1.750057828
2	1	ising	ising2.5-150_6666	150	11175	4057153	3688487.667	184.3056367	3733642.667	2.053452651	186.3590894	90.91320112	92.02617369	1.11297257
2	1	ising	ising2.5-150_7777	150	11175	4243269	3757821.333	154.5535714	3866809.667	2.105958223	156.6595296	88.55958303	91.1280823	2.568499271
2	1	ising	ising2.5-200_5555	200	19900	6294701	5345340	280.3213287	5627232.667	4.735193014	285.0565217	84.91809222	89.3963457	4.478253481
2	1	ising	ising2.5-200_6666	200	19900	6795365	6151536.667	318.662059	6243007.667	4.616840998	323.2789	90.52547827	91.87155755	1.346079276
2	1	ising	ising2.5-200_7777	200	19900	5568272	4992862	334.9127097	5160895.333	4.639993668	339.5527034	89.66627349	92.68396611	3.017692622
2	1	ising	ising2.5-250_5555	250	31125	7919449	6885924.333	497.0644102	7198900.667	8.980416139	506.0448263	86.9495382	90.90153452	3.951996324
2	1	ising	ising2.5-250_6666	250	31125	6925717	6131134	554.7979183	6292498	9.013112942	563.8110313	88.52706514	90.85698997	2.329924829
2	1	ising	ising2.5-250_7777	250	31125	6596797	5551650.333	517.7862943	5916092.667	9.331542015	527.1178363	84.15675567	89.68129028	5.524534609
2	1	ising	ising2.5-300_5555	300	44850	8579363	7127497.333	806.4292293	7673082	15.41979663	821.849026	83.07723235	89.43650012	6.359267776
2	1	ising	ising2.5-300_6666	300	44850	9102033	7814095.667	858.5874727	8221685.667	15.31130727	873.8987799	85.85000369	90.32801427	4.478010572
2	1	ising	ising2.5-300_7777	300	44850	8323804	7238338	879.6132704	7520147	15.69450998	895.3077803	86.95949592	90.3450754	3.385579478
2	1	ising	ising3.0-100_5555	100	4950	2448189	2256692.667	57.23319101	2271183.333	0.582442681	57.81563369	92.17804127	92.76993457	0.5918932999
2	1	ising	ising3.0-100_6666	100	4950	1984099	1705011	59.01639859	1723668	0.5655700366	59.58196863	85.93376641	86.87409247	0.9403260624
2	1	ising	ising3.0-100_7777	100	4950	3335814	2998802.667	52.82922165	3040908	0.6104769707	53.43969862	89.89717852	91.15939918	1.262220655
2	1	ising	ising3.0-150_5555	150	11175	4279261	3811184	151.7816717	3853707.333	2.029172977	153.8108447	89.06173286	90.05544026	0.9937074025
2	1	ising	ising3.0-150_6666	150	11175	3949317	3562492.333	145.2449179	3618958.333	1.961594343	147.2065123	90.20527684	91.63504306	1.42976621
2	1	ising	ising3.0-150_7777	150	11175	4211158	3742049	161.12488	3827484.667	1.992771943	163.1176519	88.86033248	90.88912519	2.028792714
2	1	ising	ising3.0-200_5555	200	19900	6215531	5635198.333	305.1944997	5706688.667	4.681431691	309.8759314	90.66318442	91.81337309	1.15018867
2	1	ising	ising3.0-200_6666	200	19900	6756263	6064051.333	326.8753254	6184273.667	5.305232048	332.1805574	89.75451863	91.5339392	1.779420566
2	1	ising	ising3.0-200_7777	200	19900	5560824	4966399.667	272.7321234	5120606	4.685022593	277.417146	89.31049907	92.0835833	2.773084229
2	1	ising	ising3.0-250_5555	250	31125	7823791	6886812	437.1557407	7215735.333	9.196518342	446.3522591	88.02397712	92.22811976	4.204142638
2	1	ising	ising3.0-250_6666	250	31125	6903351	5871540	544.9482097	6117282.333	9.049696048	553.9979057	85.0534762	88.61323049	3.559754289
2	1	ising	ising3.0-250_7777	250	31125	6418276	5534903.333	543.2793167	5735584.667	8.969369014	552.2486857	86.23660518	89.36332228	3.126717102
2	1	ising	ising3.0-300_5555	300	44850	8493173	7008161.667	764.8138233	7512695.667	15.35811369	780.171937	82.51523508	88.45570044	5.94046536
2	1	ising	ising3.0-300_6666	300	44850	8915110	7464061.667	945.9905257	7905528.667	15.11697102	961.1074967	83.72371924	88.67561552	4.951896275
2	1	ising	ising3.0-300_7777	300	44850	8242904	7269744.667	810.7961053	7492248.667	15.54822866	826.344334	88.19397468	90.89331462	2.699339941
2	1	rudy	g05_60.0	60	885	536	518.6666667	6.815306664	522	0.06562272708	6.880929391	96.76616915	97.3880597	0.6218905472
2	1	rudy	g05_60.1	60	885	532	526.6666667	9.0433623	523	0.07102036476	9.114382664	98.99749373	98.30827068	-0.6892230577
2	1	rudy	g05_60.2	60	885	529	521	8.92435201	522.6666667	0.07046993574	8.994821946	98.48771267	98.80277253	0.3150598614
2	1	rudy	g05_60.3	60	885	538	524	7.380604982	525.3333333	0.06434774399	7.444952726	97.39776952	97.64560099	0.2478314745
2	1	rudy	g05_60.4	60	885	527	523.3333333	12.03289731	512	0.06792402267	12.10082134	99.30423782	97.15370019	-2.150537634
2	1	rudy	g05_60.5	60	885	533	521	6.876499335	522	0.06766398748	6.944163322	97.74859287	97.93621013	0.1876172608
2	1	rudy	g05_60.6	60	885	531	525	8.425001383	525	0.06865827243	8.493659655	98.8700565	98.8700565	0
2	1	rudy	g05_60.7	60	885	535	528	10.09192737	527.6666667	0.06784876188	10.15977613	98.69158879	98.62928349	-0.06230529589
2	1	rudy	g05_60.8	60	885	530	523	7.672266801	523.3333333	0.06484365463	7.737110456	98.67924528	98.74213836	0.0628930817
2	1	rudy	g05_60.9	60	885	533	526.6666667	7.003970385	526.6666667	0.06457893054	7.068549315	98.81175735	98.81175735	0
2	1	rudy	g05_80.0	80	1580	929	912.3333333	18.77947164	914.6666667	0.1441440582	18.92361569	98.20595623	98.45712235	0.2511661285
2	1	rudy	g05_80.1	80	1580	941	909.3333333	17.80669022	913	0.1884850661	17.99517528	96.63478569	97.02444208	0.3896563939
2	1	rudy	g05_80.2	80	1580	934	924.3333333	21.25001129	926.6666667	0.1716880004	21.42169929	98.96502498	99.21484654	0.2498215561
2	1	rudy	g05_80.3	80	1580	923	916.6666667	19.69882131	916	0.1781639258	19.87698523	99.31383171	99.24160347	-0.07222824128
2	1	rudy	g05_80.4	80	1580	932	917.3333333	16.03736107	919	0.1864972115	16.22385828	98.42632332	98.60515021	0.1788268956
2	1	rudy	g05_80.5	80	1580	926	914.3333333	17.66992696	915.6666667	0.1457327207	17.81565968	98.74010079	98.88408927	0.143988481
2	1	rudy	g05_80.6	80	1580	929	914.6666667	20.00755628	915.3333333	0.1497913202	20.1573476	98.45712235	98.5288841	0.07176175091
2	1	rudy	g05_80.7	80	1580	929	902.6666667	16.37863572	904.6666667	0.1447513103	16.52338703	97.16541084	97.38069609	0.215285253
2	1	rudy	g05_80.8	80	1580	925	904.6666667	14.6101354	906	0.1461242835	14.75625968	97.8018018	97.94594595	0.1441441441
2	1	rudy	g05_80.9	80	1580	923	904	20.71888399	904.6666667	0.1569422881	20.87582628	97.94149512	98.01372337	0.07222824128
2	1	rudy	g05_100.0	100	2475	1430	1407.666667	27.57198858	1413.333333	0.3026908239	27.87467941	98.43822844	98.83449883	0.3962703958
2	1	rudy	g05_100.1	100	2475	1425	1407	28.45251838	1408.333333	0.3609120051	28.81343039	98.73684211	98.83040936	0.09356725123
2	1	rudy	g05_100.2	100	2475	1432	1402.333333	35.93952171	1406	0.2611086369	36.20063035	97.9283054	98.18435754	0.2560521418
2	1	rudy	g05_100.3	100	2475	1424	1395	27.96299966	1397.666667	0.2772993247	28.24029899	97.96348315	98.15074906	0.1872659178
2	1	rudy	g05_100.4	100	2475	1440	1406.666667	27.38181901	1412	0.2664003372	27.64821935	97.68518519	98.05555556	0.3703703701
2	1	rudy	g05_100.5	100	2475	1436	1409.666667	33.59949827	1412.333333	0.2907987436	33.89029702	98.16620241	98.35190344	0.1857010209
2	1	rudy	g05_100.6	100	2475	1434	1399.666667	33.16682975	1407	0.2716106574	33.4384404	97.60576476	98.11715481	0.5113900509
2	1	rudy	g05_100.7	100	2475	1431	1395	29.164445	1401.666667	0.2645212809	29.42896628	97.48427673	97.95015141	0.4658746799
2	1	rudy	g05_100.8	100	2475	1432	1397.666667	26.68000801	1374.333333	0.3263007005	27.00630871	97.60242086	95.97299814	-1.629422719
2	1	rudy	g05_100.9	100	2475	1430	1394	25.93325003	1396.333333	0.3244853814	26.25773541	97.48251748	97.64568765	0.1631701629
2	1	rudy	pm1d_80.0	80	3128	227	187	30.19912203	198.6666667	0.28698198	30.48610401	82.37885463	87.51835536	5.139500734
2	1	rudy	pm1d_80.1	80	3128	245	220.6666667	31.44744404	223.3333333	0.3006683191	31.74811236	90.06802721	91.15646258	1.088435374
2	1	rudy	pm1d_80.2	80	3128	284	258.6666667	30.77311134	265.3333333	0.2910103003	31.06412164	91.07981221	93.42723005	2.34741784
2	1	rudy	pm1d_80.3	80	3128	291	256.6666667	31.17732	267.3333333	0.2951479753	31.47246798	88.20160367	91.86712486	3.665521191
2	1	rudy	pm1d_80.4	80	3128	251	224.6666667	34.6662147	238.3333333	0.2950263023	34.96124101	89.50863214	94.95351926	5.444887118
2	1	rudy	pm1d_80.5	80	3128	242	209.3333333	39.03617541	214.3333333	0.2965593338	39.33273474	86.50137741	88.56749311	2.066115702
2	1	rudy	pm1d_80.6	80	3128	205	182.3333333	34.16278474	194	0.3158332507	34.47861799	88.94308943	94.63414634	5.691056911
2	1	rudy	pm1d_80.7	80	3128	249	216.3333333	28.80840937	219	0.2814819018	29.08989127	86.88085676	87.95180723	1.070950469
2	1	rudy	pm1d_80.8	80	3128	293	264.6666667	30.29650029	267.3333333	0.3062543869	30.60275467	90.32992036	91.24004551	0.910125142
2	1	rudy	pm1d_80.9	80	3128	258	225.6666667	44.26782099	226.3333333	0.3442500432	44.61207104	87.46770026	87.72609819	0.2583979326
2	1	rudy	pm1s_80.0	80	316	79	69.33333333	4.282315572	71.33333333	0.04335530599	4.325670878	87.76371308	90.29535865	2.53164557
2	1	rudy	pm1s_80.1	80	316	85	72.66666667	3.623067697	73.33333333	0.04811437925	3.671182076	85.49019608	86.2745098	0.7843137254
2	1	rudy	pm1s_80.2	80	316	82	74.33333333	3.961143414	74	0.03514933586	3.99629275	90.6504065	90.24390244	-0.406504065
2	1	rudy	pm1s_80.3	80	316	81	75.33333333	3.459204992	76	0.03808569908	3.497290691	93.00411523	93.82716049	0.8230452675
2	1	rudy	pm1s_80.4	80	316	70	62.66666667	3.10036389	64.33333333	0.04281775157	3.143181642	89.52380952	91.9047619	2.380952381
2	1	rudy	pm1s_80.5	80	316	87	77	3.50867637	78.33333333	0.03601066271	3.544687033	88.50574713	90.03831418	1.53256705
2	1	rudy	pm1s_80.6	80	316	73	62.66666667	3.498359601	63	0.04459269842	3.542952299	85.84474886	86.30136986	0.4566210045
2	1	rudy	pm1s_80.7	80	316	83	74	3.992563963	74.66666667	0.04543034236	4.037994305	89.15662651	89.95983936	0.8032128514
2	1	rudy	pm1s_80.8	80	316	81	77.33333333	3.298059384	79	0.03551626205	3.333575646	95.47325103	97.5308642	2.057613169
2	1	rudy	pm1s_80.9	80	316	70	57	3.265037616	57.66666667	0.03687437375	3.30191199	81.42857143	82.38095238	0.9523809524
2	1	rudy	w01_100.0	100	495	651	527	6.171350638	533	0.06849797567	6.239848614	80.95238095	81.87403994	0.9216589862
2	1	rudy	w01_100.1	100	495	719	632.3333333	6.22949338	647.3333333	0.07305129369	6.302544673	87.9462216	90.03245248	2.086230876
2	1	rudy	w01_100.2	100	495	676	605.3333333	5.820345322	608.3333333	0.08001732826	5.900362651	89.54635108	89.99013807	0.4437869822
2	1	rudy	w01_100.3	100	495	813	731	7.563005209	742.3333333	0.06574312846	7.628748337	89.91389914	91.30791308	1.39401394
2	1	rudy	w01_100.4	100	495	668	580	6.797654629	596.6666667	0.08243759473	6.880092223	86.82634731	89.32135729	2.49500998
2	1	rudy	w01_100.5	100	495	643	547.3333333	6.592343728	582	0.06465792656	6.657001654	85.12182478	90.51321928	5.391394505
2	1	rudy	w01_100.6	100	495	654	570.3333333	6.02994434	566.6666667	0.06653396289	6.096478303	87.2069317	86.64627931	-0.5606523954
2	1	rudy	w01_100.7	100	495	725	652	6.745014668	686	0.06896106402	6.813975732	89.93103448	94.62068966	4.689655172
2	1	rudy	w01_100.8	100	495	721	601.6666667	7.399806023	625	0.06812000275	7.467926025	83.44891355	86.6851595	3.236245955
2	1	rudy	w01_100.9	100	495	729	656.6666667	5.627756596	665	0.06479541461	5.69255201	90.07773205	91.22085048	1.143118427
2	1	rudy	w05_100.0	100	2475	1646	1472.333333	23.48376091	1485	0.3154377143	23.79919863	89.4491697	90.21871203	0.769542325
2	1	rudy	w05_100.1	100	2475	1606	1408	28.59958434	1464.666667	0.301078399	28.90066274	87.67123288	91.19966791	3.528435035
2	1	rudy	w05_100.2	100	2475	1902	1694.333333	28.73857331	1763.666667	0.3027596474	29.04133296	89.08166842	92.72695408	3.645285665
2	1	rudy	w05_100.3	100	2475	1627	1352	33.7762351	1418	0.2749029795	34.05113808	83.09772588	87.15427167	4.05654579
2	1	rudy	w05_100.4	100	2475	1546	1441	35.65388775	1476	0.304419597	35.95830735	93.20827943	95.47218629	2.263906856
2	1	rudy	w05_100.5	100	2475	1581	1420	34.88613168	1458.666667	0.2897223632	35.17585405	89.81657179	92.26228126	2.445709467
2	1	rudy	w05_100.6	100	2475	1479	1306.666667	25.30654208	1365.666667	0.2899582386	25.59650032	88.34798287	92.33716475	3.98918188
2	1	rudy	w05_100.7	100	2475	1987	1696.666667	29.87376237	1756.666667	0.3011206786	30.17488305	85.38835766	88.40798524	3.019627579
2	1	rudy	w05_100.8	100	2475	1311	1102	31.00910433	1151	0.2765613397	31.28566567	84.05797101	87.7955759	3.737604882
2	1	rudy	w05_100.9	100	2475	1752	1490	34.1582311	1560.666667	0.2908913294	34.44912243	85.0456621	89.07914764	4.033485541
2	1	rudy	w09_100.0	100	4455	2121	1740.666667	47.91211367	1794	0.5042513212	48.41636499	82.06820682	84.58274399	2.514537168
2	1	rudy	w09_100.1	100	4455	2096	1945	44.23324871	1972.333333	0.6649016539	44.89815036	92.79580153	94.09987277	1.304071247
2	1	rudy	w09_100.2	100	4455	2738	2450.333333	50.53647693	2497	0.5998977025	51.13637463	89.4935476	91.19795471	1.70440711
2	1	rudy	w09_100.3	100	4455	1990	1730.333333	52.48570196	1786	0.5588680903	53.04457005	86.95142379	89.74874372	2.797319933
2	1	rudy	w09_100.4	100	4455	2033	1763.333333	50.21988559	1795.666667	0.5233314037	50.74321699	86.73553041	88.32595507	1.59042466
2	1	rudy	w09_100.5	100	4455	2433	2190	73.13585766	2208.666667	0.5173432827	73.65320094	90.01233046	90.77955884	0.7672283876
2	1	rudy	w09_100.6	100	4455	2220	1866.333333	55.43800735	1909	0.4999759992	55.93798335	84.06906907	85.99099099	1.921921922
2	1	rudy	w09_100.7	100	4455	2252	1969.333333	62.54080502	2040	0.5165516535	63.05735668	87.4481942	90.58614565	3.137951451
2	1	rudy	w09_100.8	100	4455	1843	1544.666667	59.98691622	1610.333333	0.6608696779	60.6477859	83.81262434	87.37565563	3.563031289
2	1	rudy	w09_100.9	100	4455	2043	1771.666667	46.31565809	1813.666667	0.5769999027	46.892658	86.71887747	88.77467776	2.055800294
2	1	rudy	pm1d_100.0	100	4901	340	301.3333333	59.30121835	314.3333333	0.6367530028	59.93797135	88.62745098	92.45098039	3.823529412
2	1	rudy	pm1d_100.1	100	4901	324	282	52.06820583	292.3333333	0.5916825136	52.65988835	87.03703704	90.22633745	3.189300411
2	1	rudy	pm1d_100.2	100	4901	389	348.6666667	67.92775941	360.6666667	0.6123686632	68.54012807	89.63153385	92.71636675	3.084832905
2	1	rudy	pm1d_100.3	100	4901	400	332.3333333	52.46645498	343	0.5808429718	53.04729795	83.08333333	85.75	2.666666667
2	1	rudy	pm1d_100.4	100	4901	363	338.3333333	56.38823724	344	0.5668027401	56.95503998	93.20477502	94.76584022	1.561065198
2	1	rudy	pm1d_100.5	100	4901	441	393.3333333	52.60669335	404.3333333	0.6280019283	53.23469528	89.19123205	91.68556311	2.494331066
2	1	rudy	pm1d_100.6	100	4901	367	299.3333333	66.62747598	312.3333333	0.587991635	67.21546761	81.56221617	85.1044505	3.542234332
2	1	rudy	pm1d_100.7	100	4901	361	309	57.33400162	314.6666667	0.6087958018	57.94279742	85.59556787	87.16528163	1.569713758
2	1	rudy	pm1d_100.8	100	4901	385	321.6666667	51.23133993	328.6666667	0.605060339	51.83640027	83.54978355	85.36796537	1.818181818
2	1	rudy	pm1d_100.9	100	4901	405	352.6666667	62.56690534	368	0.5356430213	63.10254836	87.0781893	90.86419753	3.78600823
2	1	rudy	pm1s_100.0	100	495	127	111	8.172377745	113.3333333	0.06814193726	8.240519683	87.4015748	89.23884514	1.837270341
2	1	rudy	pm1s_100.1	100	495	126	106	6.126337608	109.3333333	0.0657813549	6.192118963	84.12698413	86.77248677	2.645502645
2	1	rudy	pm1s_100.2	100	495	125	104.6666667	5.756090323	106.3333333	0.06368501981	5.819775343	83.73333333	85.06666667	1.333333333
2	1	rudy	pm1s_100.3	100	495	111	97	5.423539321	98.33333333	0.06749725342	5.491036574	87.38738739	88.58858859	1.201201201
2	1	rudy	pm1s_100.4	100	495	128	116	6.631543557	116.3333333	0.06820940971	6.699752967	90.625	90.88541667	0.2604166664
2	1	rudy	pm1s_100.5	100	495	128	113.3333333	7.466641665	117	0.06932131449	7.535962979	88.54166667	91.40625	2.864583334
2	1	rudy	pm1s_100.6	100	495	122	111	5.526071628	112.3333333	0.06351828575	5.589589914	90.98360656	92.07650273	1.092896175
2	1	rudy	pm1s_100.7	100	495	112	97.66666667	5.375876029	100	0.06607707342	5.441953103	87.20238095	89.28571429	2.083333333
2	1	rudy	pm1s_100.8	100	495	120	99.66666667	7.002425671	104	0.06433733304	7.066763004	83.05555556	86.66666667	3.611111111
2	1	rudy	pm1s_100.9	100	495	127	101.3333333	6.832217296	107.3333333	0.08553433418	6.91775163	79.79002625	84.5144357	4.724409449
2	1	rudy	pw01_100.0	100	495	2019	1911.333333	6.308795849	1923	0.06537310282	6.374168952	94.66732706	95.24517088	0.5778438172
2	1	rudy	pw01_100.1	100	495	2060	1978.666667	6.52250735	2008.666667	0.0666929086	6.589200258	96.05177994	97.50809062	1.45631068
2	1	rudy	pw01_100.2	100	495	2032	1935	6.330322663	1941.333333	0.06547435125	6.395797014	95.22637795	95.53805774	0.3116797899
2	1	rudy	pw01_100.3	100	495	2067	1988.666667	6.619995038	1998.333333	0.06740196546	6.687397003	96.21028866	96.67795517	0.4676665051
2	1	rudy	pw01_100.4	100	495	2039	1938.333333	7.806191285	1944.666667	0.06781665484	7.87400794	95.06293935	95.37354913	0.3106097764
2	1	rudy	pw01_100.5	100	495	2108	1968.666667	7.716086626	2003.333333	0.07185737292	7.787943999	93.39025933	95.03478811	1.644528779
2	1	rudy	pw01_100.6	100	495	2032	1953.333333	5.820370038	1968	0.06786902746	5.888239066	96.12860892	96.8503937	0.7217847771
2	1	rudy	pw01_100.7	100	495	2074	1988.333333	6.736294031	2013.333333	0.07344126701	6.809735298	95.86949534	97.07489553	1.205400193
2	1	rudy	pw01_100.8	100	495	2022	1928	7.738186677	1938.333333	0.06844973564	7.806636413	95.35113749	95.86218266	0.5110451696
2	1	rudy	pw01_100.9	100	495	2005	1926.666667	6.856386344	1938.666667	0.06935501099	6.925741355	96.09310058	96.69160432	0.5985037406
2	1	rudy	pw05_100.0	100	2475	8190	8053	24.932724	8075	0.266954422	25.19967842	98.32722833	98.5958486	0.2686202686
2	1	rudy	pw05_100.1	100	2475	8045	7851	26.14984067	7887.333333	0.2664696376	26.41631031	97.58856433	98.04019059	0.4516262689
2	1	rudy	pw05_100.2	100	2475	8039	7920.666667	27.19865966	7930.333333	0.3260564009	27.52471606	98.52800929	98.64825642	0.1202471285
2	1	rudy	pw05_100.3	100	2475	8139	7921.666667	29.75030939	7839.666667	0.2830513318	30.03336072	97.32972929	96.32223451	-1.007494778
2	1	rudy	pw05_100.4	100	2475	8125	7994	30.53646064	8023.333333	0.278809309	30.81526995	98.38769231	98.74871795	0.361025641
2	1	rudy	pw05_100.5	100	2475	8169	7978.666667	28.61436407	7991.333333	0.2904536724	28.90481774	97.67005345	97.82511119	0.1550577385
2	1	rudy	pw05_100.6	100	2475	8217	8081.333333	30.3520604	8107.333333	0.2786626021	30.630723	98.34895136	98.66536854	0.3164171839
2	1	rudy	pw05_100.7	100	2475	8249	8098	31.8990593	8113.333333	0.3019287586	32.20098805	98.16947509	98.3553562	0.1858811169
2	1	rudy	pw05_100.8	100	2475	8199	8021.333333	28.2284677	7923	0.2799026171	28.50837032	97.83306907	96.63373582	-1.199333252
2	1	rudy	pw05_100.9	100	2475	8099	7913.333333	34.36828597	7964.666667	0.2766846816	34.64497066	97.70753591	98.34135902	0.6338231058
2	1	rudy	pw09_100.0	100	4455	13585	13380.33333	52.53521236	13422.33333	0.6611400445	53.1963524	98.49343639	98.80260091	0.3091645197
2	1	rudy	pw09_100.1	100	4455	13417	13244	56.89233836	13271.66667	0.6254119078	57.51775026	98.71059104	98.9167971	0.2062060572
2	1	rudy	pw09_100.2	100	4455	13461	13302.66667	49.81123098	13318	0.6501283646	50.46135934	98.82376247	98.93767179	0.113909318
2	1	rudy	pw09_100.3	100	4455	13656	13471.33333	55.19998272	13496.66667	0.6199192206	55.81990194	98.64772505	98.8332357	0.1855106429
2	1	rudy	pw09_100.4	100	4455	13514	13297.66667	50.85614959	13371	0.4800930818	51.33624268	98.39919096	98.94183809	0.5426471311
2	1	rudy	pw09_100.5	100	4455	13574	13424.33333	62.30330865	13481	0.5306430658	62.83395171	98.8974019	99.31486666	0.4174647613
2	1	rudy	pw09_100.6	100	4455	13640	13462.66667	54.16965636	13470	0.4845153491	54.65417171	98.69990225	98.75366569	0.05376344062
2	1	rudy	pw09_100.7	100	4455	13501	13347	62.17110308	13376.33333	0.4829636415	62.65406672	98.85934375	99.07661161	0.2172678565
2	1	rudy	pw09_100.8	100	4455	13593	13410.66667	55.62656927	13449	0.4967667262	56.123336	98.65862331	98.94063121	0.282007896
2	1	rudy	pw09_100.9	100	4455	13658	13515	54.48937202	13527.33333	0.4925176303	54.98188965	98.95299458	99.04329575	0.09030116635
2	2	ising	t3g5_5555	125	375	10933215	9867238.333	7.21030275	9866977.667	0.06580193837	7.276104689	90.25010789	90.24772372	-0.002384172085
2	2	ising	t3g5_6666	125	375	11582216	11030402.33	7.901682695	11042831	0.0702679952	7.97195069	95.23568144	95.34298963	0.107308193
2	2	ising	t3g5_7777	125	375	11552046	10829604	9.165753365	10807567	0.06723403931	9.232987404	93.74619873	93.55543598	-0.1907627445
2	2	ising	t3g6_5555	216	648	17434469	15206289.33	22.77660839	15157670.33	0.1841752529	22.96078364	87.21968724	86.94082013	-0.2788671109
2	2	ising	t3g6_6666	216	648	20217380	18607009.67	21.22056031	18677307.33	0.1956122716	21.41617258	92.03472293	92.38243201	0.347709083
2	2	ising	t3g6_7777	216	648	19475011	17573664	21.91477728	17573664	0.2016913096	22.11646859	90.23699139	90.23699139	0
2	2	ising	t3g7_5555	343	1029	28302918	24620939	43.87780905	24411446	0.4753948847	44.35320393	86.99081487	86.25063324	-0.7401816307
2	2	ising	t3g7_6666	343	1029	33611981	29316335	39.85733668	29289114	0.5922489961	40.44958568	87.21989638	87.13891038	-0.08098600318
2	2	ising	t3g7_7777	343	1029	29118445	25389828	38.84661373	25441720	0.4788872401	39.32550097	87.1949996	87.37320966	0.1782100658
2	2	ising	t2g10_5555	100	200	6049461	5547003	4.27288564	5496297.667	0.05187726021	4.324762901	91.69416912	90.85598976	-0.8381793573
2	2	ising	t2g10_6666	100	200	5757868	5070216.667	4.276788712	5066573	0.03486029307	4.311649005	88.0571883	87.99390677	-0.06328152486
2	2	ising	t2g10_7777	100	200	6509837	6083028.333	3.23505497	6040924	0.03631734848	3.271372318	93.44363512	92.79685498	-0.6467801472
2	2	ising	t2g15_5555	225	450	15051133	13218481.33	14.53833373	13092621.33	0.1459709803	14.68430471	87.82382916	86.98761305	-0.8362161174
2	2	ising	t2g15_6666	225	450	15763716	14329173.33	11.90774965	14312583.33	0.1501496633	12.05789932	90.89971764	90.79447596	-0.1052416829
2	2	ising	t2g15_7777	225	450	15269399	13249470	13.42968027	13108388	0.1512263616	13.58090663	86.77139159	85.84743905	-0.9239525406
2	2	ising	t2g20_5555	400	800	24838942	21475643	36.14676674	21125891.33	0.4686286449	36.61539539	86.45957223	85.05149428	-1.408077956
2	2	ising	t2g20_6666	400	800	29290570	25663869.67	41.94875161	25698748.33	0.5370560487	42.48580766	87.61819817	87.73727631	0.1190781422
2	2	ising	t2g20_7777	400	800	28349398	25363568.33	32.9033037	25041420.67	0.4397113323	33.34301504	89.46774931	88.33140184	-1.136347469
2	2	ising	ising2.5-100_5555	100	4950	2460049	2274063	68.03904009	2274063	0.5575532913	68.59659338	92.43974409	92.43974409	0
2	2	ising	ising2.5-100_6666	100	4950	2031217	1771574	58.89487108	1772991.667	0.5959289074	59.49079998	87.21736772	87.28716167	0.06979395456
2	2	ising	ising2.5-100_7777	100	4950	3363230	3147983.333	70.7663211	3147983.333	0.5683395863	71.33466069	93.60000159	93.60000159	0
2	2	ising	ising2.5-150_5555	150	11175	4363532	4058823.667	214.098483	4058823.667	1.914343993	216.012827	93.01693368	93.01693368	0
2	2	ising	ising2.5-150_6666	150	11175	4057153	3691333	177.081213	3691333	2.024287383	179.1055004	90.9833324	90.9833324	0
2	2	ising	ising2.5-150_7777	150	11175	4243269	3907487	202.960709	3907444.333	2.137819052	205.0985281	92.08671428	92.08570876	-0.001005514145
2	2	ising	ising2.5-200_5555	200	19900	6294701	5848951.333	480.4172694	5848951.333	4.877734661	485.2950041	92.91865227	92.91865227	0
2	2	ising	ising2.5-200_6666	200	19900	6795365	6326093.333	449.0481507	6326093.333	5.20512406	454.2532748	93.09423899	93.09423899	0
2	2	ising	ising2.5-200_7777	200	19900	5568272	5167823	464.7698123	5167823	4.594469945	469.3642823	92.80837933	92.80837933	0
2	2	ising	ising2.5-250_5555	250	31125	7919449	7216774.667	689.2153617	7216774.667	9.043155988	698.2585177	91.12723204	91.12723204	0
2	2	ising	ising2.5-250_6666	250	31125	6925717	6261857.333	787.9357283	6261857.333	8.939713637	796.8754419	90.41457128	90.41457128	0
2	2	ising	ising2.5-250_7777	250	31125	6596797	5976123.333	688.1233093	5979786.667	9.087511063	697.2108204	90.59128746	90.64681946	0.05553200045
2	2	ising	ising2.5-300_5555	300	44850	8579363	7735690.667	1073.521895	7751250.667	16.02913769	1089.551033	90.16625904	90.34762449	0.1813654464
2	2	ising	ising2.5-300_6666	300	44850	9102033	8267264.667	1198.77838	8267264.667	15.65114141	1214.429522	90.82877052	90.82877052	0
2	2	ising	ising2.5-300_7777	300	44850	8323804	7629727.667	1182.786304	7629952.667	15.49581194	1198.282116	91.66154881	91.66425191	0.002703091039
2	2	ising	ising3.0-100_5555	100	4950	2448189	2280857	62.68312661	2280857	0.5678819815	63.25100859	93.16507018	93.16507018	0
2	2	ising	ising3.0-100_6666	100	4950	1984099	1706639	57.05926307	1706448.333	0.5460209847	57.60528406	86.01581877	86.00620903	-0.009609735704
2	2	ising	ising3.0-100_7777	100	4950	3335814	3149068	53.47792633	3148906.333	0.5428419908	54.02076832	94.40178619	94.3969398	-0.004846393414
2	2	ising	ising3.0-150_5555	150	11175	4279261	3941533	196.9865053	3941533	1.959309657	198.945815	92.10779618	92.10779618	0
2	2	ising	ising3.0-150_6666	150	11175	3949317	3624763.667	175.9780857	3624524	1.904060046	177.8821457	91.78203894	91.77597038	-0.006068559956
2	2	ising	ising3.0-150_7777	150	11175	4211158	3903061.667	196.9165164	3900869	2.011889299	198.9284057	92.68380969	92.63174167	-0.05206802191
2	2	ising	ising3.0-200_5555	200	19900	6215531	5708171.333	441.4951587	5707641	4.727803071	446.2229617	91.83722732	91.82869493	-0.008532389751
2	2	ising	ising3.0-200_6666	200	19900	6756263	6151852.667	365.6499767	6151590.667	4.85427467	370.5042513	91.05407333	91.05019545	-0.00387788338
2	2	ising	ising3.0-200_7777	200	19900	5560824	5155444	410.0562173	4707919.333	4.314642588	414.3708599	92.71007318	84.66226108	-8.047812099
2	2	ising	ising3.0-250_5555	250	31125	7823791	6997710.333	737.6807543	6997710.333	8.990815957	746.6715703	89.44142722	89.44142722	0
2	2	ising	ising3.0-250_6666	250	31125	6903351	6311475.333	782.3406804	6311475.333	8.93786931	791.2785497	91.42625564	91.42625564	0
2	2	ising	ising3.0-250_7777	250	31125	6418276	5734278	668.2833157	5742994.333	8.736272653	677.0195883	89.34296375	89.47876865	0.1358049004
2	2	ising	ising3.0-300_5555	300	44850	8493173	7855993.333	1188.468291	7855764.667	15.19092162	1203.659213	92.49774299	92.49505063	-0.002692358439
2	2	ising	ising3.0-300_6666	300	44850	8915110	8075071	1172.05313	8075071	14.73224338	1186.785373	90.57735687	90.57735687	0
2	2	ising	ising3.0-300_7777	300	44850	8242904	7597639.667	1065.195796	7598969	15.6357371	1080.831533	92.17188101	92.18800801	0.01612700245
2	2	rudy	g05_60.0	60	885	536	532.3333333	8.176156998	532.3333333	0.0665520827	8.24270908	99.3159204	99.3159204	0
2	2	rudy	g05_60.1	60	885	532	521	10.9661963	521.6666667	0.06524395943	11.03144026	97.93233083	98.05764411	0.1253132833
2	2	rudy	g05_60.2	60	885	529	522.6666667	7.957346678	522.6666667	0.07044537862	8.027792056	98.80277253	98.80277253	0
2	2	rudy	g05_60.3	60	885	538	532	8.544362704	531.6666667	0.06700428327	8.611366987	98.88475836	98.8228005	-0.06195786859
2	2	rudy	g05_60.4	60	885	527	521	7.844959736	520	0.07152724266	7.916486979	98.86148008	98.67172676	-0.1897533207
2	2	rudy	g05_60.5	60	885	533	530.3333333	11.12053641	529.6666667	0.0735762914	11.1941127	99.4996873	99.37460913	-0.1250781737
2	2	rudy	g05_60.6	60	885	531	527	11.25656199	517	0.06803337733	11.32459537	99.24670433	97.36346516	-1.883239171
2	2	rudy	g05_60.7	60	885	535	531	11.89605562	530.6666667	0.07470011711	11.97075574	99.25233645	99.19003115	-0.06230529589
2	2	rudy	g05_60.8	60	885	530	523.3333333	9.639938275	522.6666667	0.06550908089	9.705447356	98.74213836	98.6163522	-0.1257861634
2	2	rudy	g05_60.9	60	885	533	532.3333333	9.912669659	532.3333333	0.06769474347	9.980364402	99.87492183	99.87492183	0
2	2	rudy	g05_80.0	80	1580	929	919	22.79344455	918.6666667	0.156213363	22.94965792	98.92357374	98.88769286	-0.03588087546
2	2	rudy	g05_80.1	80	1580	941	930	25.05828802	930	0.1428249677	25.20111299	98.83103082	98.83103082	0
2	2	rudy	g05_80.2	80	1580	934	926.6666667	26.91764736	926.3333333	0.1495377223	27.06718508	99.21484654	99.17915774	-0.03568879379
2	2	rudy	g05_80.3	80	1580	923	915	22.28298871	914.6666667	0.1483542919	22.431343	99.13326111	99.09714698	-0.03611412059
2	2	rudy	g05_80.4	80	1580	932	926.6666667	25.05490136	926	0.1422087351	25.1971101	99.42775393	99.35622318	-0.07153075826
2	2	rudy	g05_80.5	80	1580	926	916.3333333	31.06150103	915.3333333	0.1716742516	31.23317528	98.95608351	98.84809215	-0.1079913607
2	2	rudy	g05_80.6	80	1580	929	913.6666667	20.26154129	913.6666667	0.1448699633	20.40641125	98.34947973	98.34947973	0
2	2	rudy	g05_80.7	80	1580	929	919.6666667	20.43738898	919.6666667	0.2242326736	20.66162165	98.99533549	98.99533549	0
2	2	rudy	g05_80.8	80	1580	925	912.6666667	17.6734	912.6666667	0.1432975928	17.8166976	98.66666667	98.66666667	0
2	2	rudy	g05_80.9	80	1580	923	916	23.88778536	916	0.1513067087	24.03909206	99.24160347	99.24160347	0
2	2	rudy	g05_100.0	100	2475	1430	1412.666667	35.93832763	1413.333333	0.4035073916	36.34183502	98.78787879	98.83449883	0.04662004615
2	2	rudy	g05_100.1	100	2475	1425	1411.333333	31.76813038	1411	0.3504706224	32.118601	99.04093567	99.01754386	-0.02339181263
2	2	rudy	g05_100.2	100	2475	1432	1416.333333	43.51353598	1416.333333	0.2675066789	43.78104266	98.90595903	98.90595903	0
2	2	rudy	g05_100.3	100	2475	1424	1414	41.82282233	1406	0.3085259597	42.13134829	99.29775281	98.73595506	-0.5617977528
2	2	rudy	g05_100.4	100	2475	1440	1416.333333	40.73731669	1416.333333	0.2711343765	41.00845106	98.35648148	98.35648148	0
2	2	rudy	g05_100.5	100	2475	1436	1407.333333	39.49932734	1407.666667	0.2849619389	39.78428928	98.00371402	98.02692665	0.02321262813
2	2	rudy	g05_100.6	100	2475	1434	1432.666667	50.71851969	1423	0.28596735	51.00448704	99.90701999	99.23291492	-0.6741050676
2	2	rudy	g05_100.7	100	2475	1431	1405.666667	41.34418503	1405.333333	0.273459355	41.61764439	98.22967622	98.20638248	-0.02329373445
2	2	rudy	g05_100.8	100	2475	1432	1415	46.35350498	1415	0.2885116736	46.64201665	98.81284916	98.81284916	0
2	2	rudy	g05_100.9	100	2475	1430	1416.333333	50.79369712	1416.333333	0.3533168634	51.14701398	99.04428904	99.04428904	0
2	2	rudy	pm1d_80.0	80	3128	227	207.3333333	64.56535268	207.3333333	0.4018807411	64.96723342	91.33627019	91.33627019	0
2	2	rudy	pm1d_80.1	80	3128	245	227.3333333	35.94930172	227.3333333	0.3861359755	36.3354377	92.78911565	92.78911565	0
2	2	rudy	pm1d_80.2	80	3128	284	268.6666667	47.08358097	268.6666667	0.291905721	47.37548669	94.60093897	94.60093897	0
2	2	rudy	pm1d_80.3	80	3128	291	280.6666667	37.60349258	280.6666667	0.2820243835	37.88551696	96.44902635	96.44902635	0
2	2	rudy	pm1d_80.4	80	3128	251	243.3333333	48.56450701	243.3333333	0.2747240067	48.83923101	96.94555113	96.94555113	0
2	2	rudy	pm1d_80.5	80	3128	242	232	33.0883774	232	0.3055070241	33.39388442	95.8677686	95.8677686	0
2	2	rudy	pm1d_80.6	80	3128	205	192.6666667	32.92790238	190.6666667	0.3166292508	33.24453163	93.98373984	93.00813008	-0.9756097561
2	2	rudy	pm1d_80.7	80	3128	249	235	40.26325838	235.6666667	0.2700669765	40.53332535	94.37751004	94.64524766	0.2677376173
2	2	rudy	pm1d_80.8	80	3128	293	276.6666667	41.01913889	243.6666667	0.2584316731	41.27757057	94.4254835	83.16268487	-11.26279863
2	2	rudy	pm1d_80.9	80	3128	258	245.6666667	39.70773832	245.3333333	0.2890960375	39.99683436	95.21963824	95.09043928	-0.1291989667
2	2	rudy	pm1s_80.0	80	316	79	72.33333333	4.510097663	72	0.03496742249	4.545065085	91.56118143	91.13924051	-0.4219409282
2	2	rudy	pm1s_80.1	80	316	85	77.66666667	4.418032487	77.66666667	0.04355859756	4.461591085	91.37254902	91.37254902	0
2	2	rudy	pm1s_80.2	80	316	82	75.33333333	3.829782645	74.66666667	0.03570858637	3.865491231	91.8699187	91.05691057	-0.81300813
2	2	rudy	pm1s_80.3	80	316	81	77	4.642500321	77	0.03686801593	4.679368337	95.0617284	95.0617284	0
2	2	rudy	pm1s_80.4	80	316	70	60.33333333	3.62213405	58.66666667	0.04556131363	3.667695363	86.19047619	83.80952381	-2.380952381
2	2	rudy	pm1s_80.5	80	316	87	80	3.608957688	80.33333333	0.03591036797	3.644868056	91.95402299	92.33716475	0.3831417624
2	2	rudy	pm1s_80.6	80	316	73	68.33333333	3.376910925	68.33333333	0.05140280724	3.428313732	93.60730594	93.60730594	0
2	2	rudy	pm1s_80.7	80	316	83	78.66666667	4.570089738	78.33333333	0.03805828094	4.608148019	94.77911647	94.37751004	-0.4016064258
2	2	rudy	pm1s_80.8	80	316	81	78.33333333	5.074071089	78.33333333	0.03664588928	5.110716979	96.70781893	96.70781893	0
2	2	rudy	pm1s_80.9	80	316	70	64	3.31918637	64	0.0371893247	3.356375694	91.42857143	91.42857143	0
2	2	rudy	w01_100.0	100	495	651	583.6666667	8.318419377	581.6666667	0.07253925006	8.390958627	89.65693804	89.34971838	-0.3072196621
2	2	rudy	w01_100.1	100	495	719	662.3333333	8.89341267	662.3333333	0.06646291415	8.959875584	92.11868336	92.11868336	0
2	2	rudy	w01_100.2	100	495	676	624.3333333	9.677567323	624.3333333	0.08388431867	9.761451642	92.35700197	92.35700197	0
2	2	rudy	w01_100.3	100	495	813	746.6666667	8.525063674	746.6666667	0.06479263306	8.589856307	91.84091841	91.84091841	0
2	2	rudy	w01_100.4	100	495	668	604	11.16714493	604	0.06932799021	11.23647292	90.41916168	90.41916168	0
2	2	rudy	w01_100.5	100	495	643	609.6666667	10.44451332	609.3333333	0.06696200371	10.51147532	94.81596682	94.76412649	-0.05184033188
2	2	rudy	w01_100.6	100	495	654	588.3333333	7.872630676	586.6666667	0.07270566622	7.945336342	89.95922528	89.70438328	-0.2548419979
2	2	rudy	w01_100.7	100	495	725	699.3333333	10.92149901	696	0.06375432014	10.98525333	96.45977011	96	-0.4597701149
2	2	rudy	w01_100.8	100	495	721	698.6666667	11.77424566	698.3333333	0.08931867282	11.86356433	96.9024503	96.85621822	-0.04623208516
2	2	rudy	w01_100.9	100	495	729	646.3333333	9.30137229	646.3333333	0.06387432416	9.365246614	88.6602652	88.6602652	0
2	2	rudy	w05_100.0	100	2475	1646	1553.666667	33.24183877	1554.333333	0.3552738825	33.59711266	94.39044147	94.4309437	0.04050222722
2	2	rudy	w05_100.1	100	2475	1606	1460.666667	36.6236039	1460.666667	0.3095080853	36.93311199	90.95060191	90.95060191	0
2	2	rudy	w05_100.2	100	2475	1902	1758.333333	42.65317233	1758.333333	0.3051350117	42.95830735	92.44654749	92.44654749	0
2	2	rudy	w05_100.3	100	2475	1627	1457.666667	48.15335226	1462.666667	0.2822290262	48.43558129	89.59229666	89.89961074	0.307314075
2	2	rudy	w05_100.4	100	2475	1546	1479.666667	43.27293475	1479.666667	0.2968885899	43.56982334	95.70935748	95.70935748	0
2	2	rudy	w05_100.5	100	2475	1581	1461	59.54727538	1461.333333	0.3204509417	59.86772633	92.40986717	92.43095087	0.02108370209
2	2	rudy	w05_100.6	100	2475	1479	1392.333333	50.67370303	1391.666667	0.3010707696	50.9747738	94.14018481	94.09510931	-0.04507550101
2	2	rudy	w05_100.7	100	2475	1987	1920	42.045784	1918.666667	0.2651263873	42.31091038	96.62808254	96.5609797	-0.06710283493
2	2	rudy	w05_100.8	100	2475	1311	1228.666667	38.32226237	1228.666667	0.311488231	38.6337506	93.71980676	93.71980676	0
2	2	rudy	w05_100.9	100	2475	1752	1455.666667	35.7547857	1455	0.2882823149	36.04306801	83.08599696	83.04794521	-0.03805175057
2	2	rudy	w09_100.0	100	4455	2121	2001.333333	72.88805445	1999	0.5219745636	73.41002901	94.35800723	94.24799623	-0.1100110009
2	2	rudy	w09_100.1	100	4455	2096	2022	68.54515497	2024.666667	0.6232853731	69.16844034	96.46946565	96.59669211	0.1272264633
2	2	rudy	w09_100.2	100	4455	2738	2610	69.90785503	2610	0.4860950311	70.39395007	95.32505478	95.32505478	0
2	2	rudy	w09_100.3	100	4455	1990	1862.666667	89.37223697	1861.666667	0.5328586896	89.90509566	93.60134003	93.55108878	-0.05025125628
2	2	rudy	w09_100.4	100	4455	2033	1878.666667	61.06907129	1875.333333	0.5339636803	61.60303497	92.40859157	92.24463027	-0.1639613055
2	2	rudy	w09_100.5	100	4455	2433	2251	66.09927154	2248.666667	0.5400740306	66.63934557	92.51952322	92.42361967	-0.09590354829
2	2	rudy	w09_100.6	100	4455	2220	2136	71.05445242	2134.666667	0.5558596452	71.61031206	96.21621622	96.15615616	-0.06006005991
2	2	rudy	w09_100.7	100	4455	2252	2173.666667	76.53940741	2170	0.5265489419	77.06595635	96.52161042	96.35879218	-0.1628182358
2	2	rudy	w09_100.8	100	4455	1843	1681	73.17800768	1691.333333	0.5558946927	73.73390237	91.20998372	91.77066377	0.5606800505
2	2	rudy	w09_100.9	100	4455	2043	1846.333333	65.19390829	1846.333333	0.5165389379	65.71044723	90.37363355	90.37363355	0
2	2	rudy	pm1d_100.0	100	4901	340	314.6666667	82.06750933	314.3333333	0.5843446255	82.65185396	92.54901961	92.45098039	-0.09803921588
2	2	rudy	pm1d_100.1	100	4901	324	301.6666667	95.64542492	301.3333333	0.6004743576	96.24589928	93.10699588	93.00411523	-0.1028806586
2	2	rudy	pm1d_100.2	100	4901	389	380.3333333	84.81591169	350.3333333	0.5209976832	85.33690937	97.77206512	90.05998286	-7.712082262
2	2	rudy	pm1d_100.3	100	4901	400	368.3333333	101.2194111	367.3333333	0.5660055478	101.7854166	92.08333333	91.83333333	-0.25
2	2	rudy	pm1d_100.4	100	4901	363	323	71.82430371	323.3333333	0.6234716574	72.44777536	88.98071625	89.07254362	0.09182736446
2	2	rudy	pm1d_100.5	100	4901	441	413.6666667	76.42378894	413.6666667	0.5700493654	76.99383831	93.80196523	93.80196523	0
2	2	rudy	pm1d_100.6	100	4901	367	352.6666667	95.09075061	352.6666667	0.6550820669	95.74583268	96.09445958	96.09445958	0
2	2	rudy	pm1d_100.7	100	4901	361	320.6666667	65.98074865	320.6666667	0.532468001	66.51321665	88.82733149	88.82733149	0
2	2	rudy	pm1d_100.8	100	4901	385	350.3333333	95.39572906	349.6666667	0.5421533585	95.93788242	90.995671	90.82251082	-0.173160173
2	2	rudy	pm1d_100.9	100	4901	405	384	109.5706267	384	0.6260893345	110.196716	94.81481481	94.81481481	0
2	2	rudy	pm1s_100.0	100	495	127	112.6666667	7.302668015	112.6666667	0.06860168775	7.371269703	88.71391076	88.71391076	0
2	2	rudy	pm1s_100.1	100	495	126	120	9.015317678	120	0.0662197272	9.081537406	95.23809524	95.23809524	0
2	2	rudy	pm1s_100.2	100	495	125	112	7.350197713	112	0.06749256452	7.417690277	89.6	89.6	0
2	2	rudy	pm1s_100.3	100	495	111	107.3333333	7.154147704	107.3333333	0.06597026189	7.220117966	96.6966967	96.6966967	0
2	2	rudy	pm1s_100.4	100	495	128	122.3333333	9.381069581	122.3333333	0.06471864382	9.445788225	95.57291667	95.57291667	0
2	2	rudy	pm1s_100.5	100	495	128	114.6666667	7.644676367	116	0.06364361445	7.708319982	89.58333333	90.625	1.041666666
2	2	rudy	pm1s_100.6	100	495	122	111	7.603068352	111	0.09068202972	7.693750381	90.98360656	90.98360656	0
2	2	rudy	pm1s_100.7	100	495	112	99.33333333	7.078114669	99.33333333	0.06766033173	7.145775	88.69047619	88.69047619	0
2	2	rudy	pm1s_100.8	100	495	120	107.3333333	8.160225074	107.3333333	0.06852459908	8.228749673	89.44444444	89.44444444	0
2	2	rudy	pm1s_100.9	100	495	127	121.3333333	7.691480716	121.3333333	0.06828467051	7.759765387	95.53805774	95.53805774	0
2	2	rudy	pw01_100.0	100	495	2019	1970.666667	8.269269228	1970.333333	0.06886704763	8.338136276	97.60607562	97.58956579	-0.01650982368
2	2	rudy	pw01_100.1	100	495	2060	2018.333333	9.479218245	2018.333333	0.08636244138	9.565580686	97.97734628	97.97734628	0
2	2	rudy	pw01_100.2	100	495	2032	1991.666667	9.309055964	1991.666667	0.06859072049	9.377646685	98.01509186	98.01509186	0
2	2	rudy	pw01_100.3	100	495	2067	2038	10.23908997	2038	0.07059200605	10.30968197	98.59700048	98.59700048	0
2	2	rudy	pw01_100.4	100	495	2039	1965.666667	7.328651349	1965.666667	0.06647435824	7.395125707	96.40346575	96.40346575	0
2	2	rudy	pw01_100.5	100	495	2108	2028.666667	8.598058939	2028.666667	0.06644868851	8.664507627	96.23655914	96.23655914	0
2	2	rudy	pw01_100.6	100	495	2032	1967.333333	9.582989375	1967.333333	0.06486129761	9.647850672	96.8175853	96.8175853	0
2	2	rudy	pw01_100.7	100	495	2074	2007	9.347219626	2007	0.07187143962	9.419091066	96.76952748	96.76952748	0
2	2	rudy	pw01_100.8	100	495	2022	1941.333333	8.154967626	1941.333333	0.06419531504	8.219162941	96.01055061	96.01055061	0
2	2	rudy	pw01_100.9	100	495	2005	1949.333333	8.367678006	1949.333333	0.06630166372	8.43397967	97.22360765	97.22360765	0
2	2	rudy	pw05_100.0	100	2475	8190	8092.333333	36.73339836	8092.333333	0.2875173887	37.02091575	98.80748881	98.80748881	0
2	2	rudy	pw05_100.1	100	2475	8045	7982	40.85197186	7981	0.2704664866	41.12243835	99.21690491	99.20447483	-0.0124300808
2	2	rudy	pw05_100.2	100	2475	8039	7927	37.19686294	7928.333333	0.2659413815	37.46280432	98.60679189	98.6233777	0.0165858108
2	2	rudy	pw05_100.3	100	2475	8139	8065.666667	58.22323298	8065.333333	0.3081697623	58.53140275	99.09898841	99.0948929	-0.00409550731
2	2	rudy	pw05_100.4	100	2475	8125	8060.666667	41.46042172	7937	0.3074529966	41.76787472	99.20820513	97.68615385	-1.522051282
2	2	rudy	pw05_100.5	100	2475	8169	8033.666667	40.54724431	8029.666667	0.2625443141	40.80978862	98.34333048	98.29436488	-0.04896560166
2	2	rudy	pw05_100.6	100	2475	8217	8112.333333	35.87266342	8112.333333	0.2580080032	36.13067142	98.726218	98.726218	0
2	2	rudy	pw05_100.7	100	2475	8249	8193	29.44048993	8193	0.26410532	29.70459525	99.32112983	99.32112983	0
2	2	rudy	pw05_100.8	100	2475	8199	8063.333333	47.90045857	8063	0.2644418081	48.16490038	98.34532667	98.34126113	-0.004065536407
2	2	rudy	pw05_100.9	100	2475	8099	7965.333333	38.052104	7965.333333	0.2705433369	38.32264733	98.34959048	98.34959048	0
2	2	rudy	pw09_100.0	100	4455	13585	13574.33333	88.50656827	13574.33333	0.4547065894	88.96127486	99.92148203	99.92148203	0
2	2	rudy	pw09_100.1	100	4455	13417	13299.33333	77.73827998	13298.66667	0.470465978	78.20874596	99.12300315	99.11803433	-0.004968820154
2	2	rudy	pw09_100.2	100	4455	13461	13418	114.5553406	13414	0.4457482497	115.0010889	99.68055865	99.65084318	-0.02971547433
2	2	rudy	pw09_100.3	100	4455	13656	13603.33333	104.925504	13599	0.4560013612	105.3815053	99.61433314	99.58260105	-0.03173208333
2	2	rudy	pw09_100.4	100	4455	13514	13436	70.18678474	13434.66667	0.4812786579	70.6680634	99.42282078	99.41295447	-0.009866311233
2	2	rudy	pw09_100.5	100	4455	13574	13524.66667	108.6442699	13523.33333	0.4439939658	109.0882639	99.63656009	99.62673739	-0.009822700751
2	2	rudy	pw09_100.6	100	4455	13640	13521.66667	70.98170503	13520	0.4404036204	71.42210865	99.13245357	99.1202346	-0.01221896408
2	2	rudy	pw09_100.7	100	4455	13501	13388.66667	71.33875163	13384.33333	0.4400966167	71.77884825	99.16796287	99.13586648	-0.03209638842
2	2	rudy	pw09_100.8	100	4455	13593	13498	79.64832568	13494.33333	0.452246666	80.10057235	99.30111087	99.2741362	-0.02697466858
2	2	rudy	pw09_100.9	100	4455	13658	13561	83.8298347	13559.33333	0.4384286404	84.26826334	99.28979353	99.27759067	-0.01220286059
